0.000000
2.020243
0.020056
0.562368
0.000055
0.121009
0.098301
0.072182
0.039341
0.080713
0.031036
-0.063306
-0.184268
-0.217693
-0.158280
-0.137491
-0.168009
-0.252413
-0.259369
-0.204862
-0.102852
-0.110409
-0.206679
-0.294582
-0.442213
-0.360366
-0.374423
-0.319592
-0.221099
-0.124009
-0.198282
-0.174906
-0.136629
-0.100927
0.068939
0.195255
0.262997
0.315395
0.392126
0.597233
0.988485
0.856817
0.745224
0.593648
0.258479
0.127317
0.299973
0.491353
0.562739
0.528587
0.409941
0.383211
0.344006
0.255879
0.240705
0.132706
0.093240
0.013047
0.008081
-0.052529
-0.104715
-0.083960
-0.077756
-0.128553
-0.216969
-0.273999
-0.361934
-0.400767
-0.225967
-0.160327
-0.188780
-0.283156
-0.221861
-0.082542
-0.031217
-0.003051
-0.170666
-0.367340
-0.440079
-0.448087
-0.319376
-0.194836
-0.192669
-0.276052
-0.253570
-0.178278
-0.150319
-0.150753
-0.214698
-0.347807
-0.411561
-0.445895
-0.497502
-0.534267
-0.515282
-0.537589
-0.592174
-0.636397
-0.602782
-0.615736
-0.514769
-0.495368
-0.506497
-0.429138
-0.380192
-0.214675
-0.121203
-0.043031
-0.036312
-0.052063
-0.105018
-0.072295
-0.044616
-0.088639
-0.108025
-0.164027
-0.140448
-0.112025
-0.057940
-0.028217
-0.071882
-0.231672
-0.412328
-0.542698
-0.607672
-0.690188
-0.649929
-0.692367
-0.874342
-0.867987
-0.807407
-0.936979
-0.853730
-0.886533
-0.764851
-0.727738
-0.675144
-0.599774
-0.477800
-0.233831
-0.056616
-0.040441
-0.106744
-0.172115
-0.130048
-0.039860
0.276702
0.786078
0.757110
0.710851
0.753207
0.848479
0.830360
0.812839
0.726688
0.600654
0.475884
0.377629
0.438481
0.659525
0.594493
0.424164
0.153983
-0.162696
-0.222981
-0.300193
-0.204462
-0.246931
-0.334020
-0.311949
-0.241263
-0.138153
-0.002992
0.028521
-0.098617
-0.221862
-0.358184
-0.371047
-0.334015
-0.271971
-0.136271
-0.025512
-0.014860
-0.012330
0.024151
0.160022
0.238254
0.088587
-0.035644
-0.184994
-0.179734
-0.068563
-0.013304
0.006727
-0.104212
-0.097288
0.010886
0.270461
0.482051
0.295021
0.095363
-0.045433
0.073479
0.533058
0.822463
0.822836
0.747721
0.585263
0.591711
0.715146
0.690985
0.648872
0.574672
0.474283
0.394554
0.446224
0.543753
0.630988
0.625385
0.540607
0.352289
0.200437
0.067898
-0.079419
-0.179929
-0.268109
-0.368838
-0.499296
-0.404523
-0.312810
-0.100742
-0.061939
-0.177537
-0.356917
-0.324839
-0.293300
-0.143220
0.122075
0.244280
0.202592
0.180484
0.223774
0.230736
0.243158
0.225370
0.115918
0.043065
-0.064530
0.002430
0.028543
0.046797
0.016495
-0.132556
-0.176548
-0.191509
-0.236020
-0.329269
-0.476247
-0.617721
-0.692994
-0.755451
-0.705576
-0.632471
-0.651551
-0.611906
-0.564066
-0.531649
-0.523546
-0.496090
-0.564204
-0.606344
-0.539450
-0.524700
-0.542091
-0.601647
-0.543773
-0.545413
-0.457085
-0.429547
-0.357962
-0.365765
-0.267130
-0.258442
-0.170286
-0.150558
-0.140539
-0.015160
0.173406
0.261171
0.190511
0.026992
-0.065071
-0.133917
-0.172716
-0.142947
-0.293707
-0.481877
-0.471843
-0.437439
-0.387939
-0.344690
-0.492521
-0.605014
-0.732280
-0.869108
-0.797798
-0.828056
-0.756474
-0.773551
-0.881280
-0.801346
-0.818971
-0.818704
-0.812091
-0.757041
-0.557922
-0.365967
-0.282657
-0.290140
-0.442465
-0.394685
-0.291115
-0.227391
-0.220788
-0.170891
-0.113787
-0.078632
-0.133980
-0.143810
-0.162755
-0.134354
-0.056063
-0.006630
-0.029983
-0.074281
-0.045592
0.091104
0.208133
0.206102
0.049115
-0.236158
-0.352327
-0.294749
-0.153642
0.141329
0.279640
0.254311
0.255239
0.330529
0.342618
0.530252
0.513129
0.535990
0.495223
0.507994
0.491036
0.547207
0.598543
0.471664
0.332281
0.155826
-0.053897
-0.259151
-0.365976
-0.221896
-0.108500
-0.113343
-0.274769
-0.484579
-0.572119
-0.636433
-0.677432
-0.751505
-0.817751
-0.777976
-0.707558
-0.643839
-0.473797
-0.307266
-0.188017
-0.150171
-0.093996
-0.128926
-0.067360
0.194773
0.512595
0.629760
0.570977
0.506212
0.456962
0.523708
0.520655
0.377284
0.422295
0.284764
0.309410
0.299488
0.373208
0.472698
0.437855
0.418164
0.351462
0.142615
0.033646
0.006400
-0.022759
-0.068386
-0.124562
-0.182189
-0.222353
-0.176027
-0.079792
-0.052898
-0.052199
-0.081979
-0.113067
-0.067883
0.032643
0.093894
-0.004318
-0.027172
-0.021163
-0.009435
0.071821
-0.001538
-0.106690
-0.241612
-0.322586
-0.280211
-0.319530
-0.325323
-0.342014
-0.428500
-0.424741
-0.397017
-0.472983
-0.598199
-0.633791
-0.684093
-0.708719
-0.743624
-0.738857
-0.822357
-0.666044
-0.440304
-0.342299
-0.443987
-0.432672
-0.402629
-0.322220
-0.192409
-0.187346
-0.216698
-0.289325
-0.218326
-0.154353
-0.042800
-0.115655
-0.288888
-0.455809
-0.477336
-0.477089
-0.463533
-0.412380
-0.447230
-0.408092
-0.357402
-0.408713
-0.355837
-0.395530
-0.457018
-0.514929
-0.625088
-0.694305
-0.608646
-0.498758
-0.397413
-0.305738
-0.279408
-0.359870
-0.395483
-0.383800
-0.290970
-0.250410
-0.268894
-0.320368
-0.330511
-0.291429
-0.166361
-0.003535
-0.135103
-0.278390
-0.461455
-0.646268
-0.711529
-0.569338
-0.428953
-0.293583
-0.228645
-0.339692
-0.452385
-0.608506
-0.620696
-0.667895
-0.712027
-0.799462
-0.933042
-0.783281
-0.687501
-0.448321
-0.276219
-0.218726
-0.272395
-0.366112
-0.319722
-0.181248
0.044537
0.183663
0.256116
0.272648
0.286166
0.435444
0.481227
0.388809
0.229433
-0.017275
-0.273625
-0.290985
-0.227959
-0.114577
-0.005830
-0.086876
-0.314289
-0.503517
-0.715858
-0.838004
-0.830939
-0.864826
-0.870332
-0.890923
-0.886823
-0.859173
-0.829692
-0.733323
-0.666556
-0.698284
-0.676915
-0.590214
-0.540509
-0.314616
-0.017543
0.172868
0.128881
0.040799
-0.086220
-0.104434
0.019934
0.205112
0.287743
0.268744
0.229753
0.226330
0.313468
0.464403
0.384620
0.159939
-0.021463
-0.173571
-0.313684
-0.315996
-0.227446
-0.247142
-0.287055
-0.361129
-0.506618
-0.622426
-0.708481
-0.691704
-0.529881
-0.378997
-0.359693
-0.282944
-0.214678
-0.111359
0.022770
0.092478
0.069225
-0.018111
-0.038233
0.025965
0.092859
0.005416
-0.086408
-0.120100
-0.041890
0.097864
0.180817
0.060909
-0.075826
-0.237085
-0.400561
-0.453031
-0.450140
-0.490334
-0.596370
-0.651093
-0.603153
-0.528806
-0.379817
-0.288008
-0.235605
-0.306898
-0.289681
-0.268209
-0.183908
-0.087987
0.002031
0.023837
-0.065415
-0.123045
-0.116689
-0.110801
-0.170988
-0.385577
-0.774131
-1.099306
-0.905144
-0.749843
-0.590742
-0.544230
-0.695508
-0.885891
-1.207499
-0.958630
-0.824366
-0.940177
-0.950815
-1.006880
-0.878691
-0.775047
-0.621314
-0.409613
-0.276835
-0.254956
-0.303752
-0.338879
-0.286436
-0.114907
0.175085
0.487859
0.456788
0.314975
0.171663
0.177281
0.206268
0.006176
-0.157826
-0.465039
-0.589926
-0.593455
-0.512384
-0.389407
-0.418620
-0.580588
-0.615495
-0.641589
-0.553150
-0.563919
-0.560705
-0.678204
-0.732989
-0.638492
-0.393627
-0.293753
-0.109514
-0.104145
-0.106326
0.067655
0.262000
0.377204
0.212316
-0.183141
-0.482772
-0.575161
-0.498207
-0.395703
-0.203725
-0.291072
-0.617386
-0.917612
-1.184167
-1.158699
-0.906598
-0.815104
-0.944892
-0.952107
-0.914699
-0.881304
-0.823809
-0.663572
-0.671379
-0.844603
-1.075885
-0.929994
-0.851395
-0.600432
-0.435755
-0.303670
-0.206368
-0.088704
-0.099520
-0.088521
-0.025831
-0.052304
-0.078550
-0.183364
-0.198252
-0.166403
-0.099808
-0.013943
-0.091727
-0.180580
-0.332871
-0.502018
-0.621739
-0.549466
-0.423381
-0.293960
-0.190566
-0.248903
-0.256773
-0.192190
-0.112385
-0.088745
-0.136634
-0.193265
-0.198914
-0.167282
-0.103786
-0.179709
-0.283967
-0.296181
-0.244318
-0.079524
-0.014294
-0.087823
-0.277342
-0.441348
-0.544920
-0.594418
-0.706908
-0.707070
-0.705595
-0.771261
-0.829208
-0.644081
-0.545065
-0.406941
-0.449075
-0.548033
-0.642613
-0.594386
-0.391131
-0.156583
-0.004871
0.075730
0.076658
0.108958
0.109852
0.182385
0.193034
-0.032201
-0.376984
-0.641615
-0.580336
-0.387190
-0.121175
0.006156
-0.139345
-0.503495
-0.874868
-1.120643
-0.951560
-0.877936
-0.953067
-1.039442
-1.013074
-0.968871
-0.824411
-0.689157
-0.634082
-0.730594
-0.788604
-0.854806
-0.711837
-0.529224
-0.352902
-0.215915
-0.196518
-0.173416
-0.138524
-0.021970
0.129151
0.020825
-0.225478
-0.546325
-0.651748
-0.656194
-0.539735
-0.441846
-0.417614
-0.441162
-0.617796
-0.832911
-0.786752
-0.834383
-0.855647
-0.810916
-0.884708
-0.878697
-0.821406
-0.685242
-0.504483
-0.366052
-0.190649
-0.217637
-0.119422
-0.009775
0.108636
0.270805
0.209270
0.140197
0.168109
0.288076
0.345591
0.244156
0.023984
-0.198521
-0.394650
-0.415185
-0.432404
-0.491074
-0.496028
-0.559683
-0.559940
-0.566655
-0.496695
-0.478981
-0.493557
-0.548666
-0.564545
-0.616982
-0.564885
-0.375511
-0.159313
0.096777
0.186159
0.170776
0.165148
0.231829
0.300902
0.268571
0.178830
-0.009721
-0.232545
-0.269505
-0.286937
-0.281797
-0.459620
-0.685630
-0.937803
-1.281514
-0.939220
-0.908051
-1.024278
-1.015455
-1.096807
-0.837656
-0.835061
-0.919849
-1.012288
-0.906698
-0.881100
-0.817605
-0.740881
-0.786456
-0.748814
-0.640625
-0.565442
-0.460118
-0.342952
-0.225054
-0.107047
-0.121506
-0.115684
-0.229155
-0.374782
-0.480770
-0.511748
-0.428086
-0.401771
-0.562307
-0.679440
-0.870294
-0.907427
-0.825152
-0.824037
-0.842727
-0.763382
-0.756537
-0.772399
-0.717368
-0.796667
-0.771731
-0.763060
-0.710975
-0.663004
-0.608309
-0.564023
-0.482116
-0.325846
-0.143920
-0.021702
-0.025016
-0.092391
-0.057389
0.073314
0.244169
0.286179
0.156404
0.107498
0.136925
0.175311
0.237463
0.258563
-0.105080
-0.403294
-0.613650
-0.683589
-0.594275
-0.431957
-0.252501
-0.173010
-0.290249
-0.583363
-0.789982
-0.761493
-0.828753
-0.709685
-0.726741
-0.735519
-0.705403
-0.740522
-0.681750
-0.547474
-0.501482
-0.456786
-0.574172
-0.503981
-0.432744
-0.336093
-0.299946
-0.340279
-0.317357
-0.345630
-0.332416
-0.294972
-0.316090
-0.400437
-0.405603
-0.306101
-0.260844
-0.175037
-0.187368
-0.134071
-0.048028
0.020313
-0.030799
-0.227188
-0.297201
-0.318595
-0.278408
-0.196021
-0.205404
-0.400381
-0.560976
-0.656163
-0.661283
-0.717550
-0.657271
-0.643238
-0.580316
-0.566891
-0.563411
-0.505000
-0.578957
-0.681060
-0.659978
-0.690892
-0.809173
-0.764563
-0.724350
-0.568082
-0.456727
-0.379883
-0.341823
-0.381350
-0.327494
-0.258090
-0.155294
-0.089158
-0.082912
-0.132498
-0.045297
0.130483
0.326256
0.306483
0.188219
0.090723
-0.043476
-0.034554
0.075437
0.183888
0.269696
0.207952
0.181316
0.153273
0.064307
0.006112
-0.133215
-0.251642
-0.339176
-0.408386
-0.515582
-0.597106
-0.621610
-0.637667
-0.633863
-0.644064
-0.670196
-0.640000
-0.616016
-0.605003
-0.564474
-0.532650
-0.456288
-0.481062
-0.492383
-0.498141
-0.511861
-0.394277
-0.266584
-0.112347
-0.017032
0.019789
0.050253
0.134197
0.216879
0.184836
0.186147
0.152377
0.047684
-0.013175
-0.017921
-0.078330
-0.147660
-0.253186
-0.489705
-0.714452
-1.086064
-1.014214
-0.857878
-0.749806
-0.757319
-0.944272
-1.068511
-1.005012
-1.039517
-0.910223
-0.981246
-1.163748
-1.179928
-0.826588
-0.780971
-0.683810
-0.603321
-0.571521
-0.478597
-0.469008
-0.381149
-0.341174
-0.135535
0.028253
0.203088
0.309732
0.254042
0.275614
0.324731
0.329382
0.300360
0.003146
-0.338497
-0.527212
-0.507147
-0.358806
-0.176380
0.020952
-0.134250
-0.432619
-0.647310
-0.696206
-0.642401
-0.649919
-0.707259
-0.613122
-0.623794
-0.580981
-0.618420
-0.539061
-0.596489
-0.557487
-0.525747
-0.449928
-0.415417
-0.438824
-0.450556
-0.416780
-0.382486
-0.386476
-0.439886
-0.489691
-0.440432
-0.471256
-0.401197
-0.361810
-0.364703
-0.364902
-0.229335
-0.042004
0.048095
-0.036145
-0.232084
-0.316833
-0.409526
-0.465114
-0.453551
-0.374436
-0.375877
-0.489844
-0.635770
-0.753313
-0.821485
-0.881036
-0.732231
-0.681210
-0.701136
-0.694185
-0.615192
-0.455106
-0.213514
-0.057619
-0.112195
-0.346608
-0.506576
-0.476750
-0.323232
-0.093346
0.225442
0.384746
0.220793
0.211355
0.343173
0.376070
0.332376
0.105838
-0.010636
-0.276333
-0.285524
-0.197350
-0.015628
0.074838
-0.045804
-0.298075
-0.613426
-0.808901
-0.845608
-0.739697
-0.660581
-0.647301
-0.617629
-0.628498
-0.515039
-0.455070
-0.433555
-0.487900
-0.625196
-0.755554
-0.606884
-0.596632
-0.438539
-0.407986
-0.398848
-0.367832
-0.277064
-0.101266
0.022709
-0.011162
-0.203546
-0.283199
-0.250212
-0.207968
-0.181783
-0.334007
-0.358098
-0.351371
-0.264347
-0.114784
0.048948
0.085918
-0.034122
-0.108091
-0.254639
-0.193967
-0.015647
0.247081
0.426041
0.449573
0.247127
0.134694
0.071405
0.008983
-0.081319
-0.260965
-0.491676
-0.658863
-0.617622
-0.512024
-0.308242
-0.351972
-0.577031
-0.819807
-1.030817
-0.865015
-0.913205
-0.993464
-0.900477
-0.971621
-0.815648
-0.755998
-0.631032
-0.557212
-0.517658
-0.484366
-0.578203
-0.502167
-0.403920
-0.211617
0.027426
0.187532
0.186424
0.203612
0.150663
0.158441
0.286784
0.160392
0.034476
-0.153692
-0.231253
-0.131644
0.165505
0.402232
0.382549
0.195680
-0.010471
-0.135763
-0.246327
-0.235537
-0.307496
-0.372930
-0.366862
-0.437293
-0.452287
-0.476762
-0.518495
-0.569978
-0.602830
-0.445202
-0.394207
-0.401709
-0.357920
-0.282236
-0.147900
-0.100186
-0.050458
-0.095781
-0.097934
-0.080168
0.003789
0.164243
0.180772
0.193452
0.193284
0.149420
0.152174
0.104492
0.051177
0.081817
-0.021965
-0.070602
-0.220962
-0.245395
-0.326972
-0.315973
-0.393163
-0.507708
-0.617319
-0.624653
-0.613095
-0.496922
-0.303335
-0.145531
-0.128480
-0.163073
-0.195874
-0.245278
-0.313724
-0.206991
-0.174780
-0.143742
-0.288703
-0.353387
-0.331283
-0.271730
-0.293946
-0.327427
-0.454175
-0.511892
-0.514422
-0.509985
-0.429879
-0.391432
-0.456249
-0.548786
-0.539653
-0.534166
-0.602519
-0.602622
-0.465924
-0.272156
-0.090514
-0.062902
-0.075267
-0.136012
-0.035080
0.066679
0.419509
0.514887
0.434339
0.416209
0.413186
0.586777
0.561459
0.426924
0.254051
0.014938
-0.094451
-0.104929
-0.028708
0.212501
0.290007
0.212539
-0.007425
-0.334411
-0.643800
-0.775884
-0.793773
-0.757961
-0.728792
-0.828854
-0.924532
-0.812530
-0.741025
-0.657816
-0.700160
-0.816709
-0.938763
-0.817111
-0.638622
-0.455487
-0.209479
-0.049522
-0.064589
-0.186342
-0.242415
-0.295720
-0.296562
-0.240749
-0.321260
-0.320581
-0.363319
-0.216829
-0.146002
0.003532
0.035046
-0.073795
-0.289482
-0.451802
-0.521697
-0.421835
-0.284682
-0.265053
-0.257184
-0.319735
-0.213862
-0.052090
0.136126
0.154870
0.024934
-0.151292
-0.215591
-0.047041
0.259777
0.374713
0.325368
0.152915
0.069329
-0.015220
-0.073820
-0.121037
-0.254906
-0.434017
-0.570215
-0.516388
-0.401050
-0.311295
-0.237931
-0.260944
-0.315941
-0.384901
-0.391100
-0.437864
-0.499362
-0.441734
-0.434297
-0.465565
-0.395827
-0.293711
-0.261583
-0.258734
-0.191138
-0.150500
-0.121575
-0.092388
-0.102682
-0.212093
-0.333892
-0.355480
-0.360181
-0.379228
-0.403856
-0.464423
-0.503524
-0.502042
-0.511268
-0.520973
-0.488578
-0.472837
-0.455081
-0.480348
-0.398067
-0.195490
0.133981
0.449946
0.546133
0.310988
0.138149
0.143910
0.235134
0.386318
0.538653
0.586232
0.497578
0.532145
0.676461
0.804357
0.788653
0.496520
0.234259
-0.066352
-0.140604
-0.101900
0.007322
0.050447
-0.008819
-0.114450
-0.313733
-0.444587
-0.547633
-0.488806
-0.354305
-0.358061
-0.286439
-0.273035
-0.203414
-0.110896
0.101354
0.054850
-0.115508
-0.277177
-0.414375
-0.367727
-0.311312
-0.181262
-0.195333
-0.209130
-0.255866
-0.259949
-0.254565
-0.300099
-0.356280
-0.365268
-0.348716
-0.349833
-0.284215
-0.362578
-0.406174
-0.316849
-0.287472
-0.229665
-0.171522
-0.219317
-0.161150
-0.082692
-0.056228
0.011087
-0.020346
-0.118015
-0.056869
-0.062583
-0.086802
-0.254286
-0.324484
-0.456678
-0.440044
-0.490077
-0.508829
-0.624099
-0.630285
-0.567648
-0.470220
-0.450363
-0.520255
-0.409974
-0.285021
-0.154432
-0.139125
-0.086838
-0.171276
-0.241430
-0.199236
-0.072787
-0.026977
-0.031146
-0.027411
0.026335
0.113012
0.344093
0.430177
0.331585
0.058732
-0.143178
-0.231491
-0.228587
-0.168377
-0.135852
-0.133603
-0.247696
-0.304504
-0.313050
-0.270172
-0.325786
-0.333367
-0.396351
-0.438981
-0.456552
-0.267444
-0.040466
0.075518
0.016973
-0.083292
-0.281271
-0.272976
-0.323702
-0.211320
-0.049818
-0.002729
0.066976
0.093847
0.149574
0.130072
0.243457
0.312851
0.326511
0.233934
0.151903
0.105246
0.138024
0.222751
0.197424
0.039860
-0.076233
-0.059996
-0.040255
-0.023478
-0.095267
-0.119697
-0.225019
-0.184030
-0.064488
0.056894
0.025225
-0.030236
-0.110173
-0.247605
-0.298188
-0.344391
-0.312317
-0.258068
-0.207175
-0.151488
-0.111215
-0.060582
0.010217
0.157337
0.257872
0.065747
-0.103053
-0.181967
-0.108128
0.024161
0.035085
0.095175
-0.003629
-0.014169
0.114354
0.295221
0.388108
0.222350
0.046712
0.000605
0.131688
0.398064
0.490976
0.447113
0.383205
0.297598
0.209314
0.230626
0.122196
-0.003838
-0.121995
-0.143731
-0.109408
-0.110560
-0.069531
-0.041708
-0.102666
-0.059677
-0.000433
0.020182
0.034747
-0.043966
-0.239150
-0.367063
-0.471864
-0.356478
-0.124953
0.225846
0.466860
0.376049
0.179268
0.122647
0.181358
0.358050
0.411518
0.317773
0.186116
0.088188
0.271064
0.383777
0.411056
0.326034
0.020432
-0.256091
-0.504007
-0.451544
-0.282979
-0.138965
-0.011508
-0.023464
-0.046952
-0.159041
-0.149797
-0.066093
-0.051911
-0.236812
-0.381589
-0.350833
-0.262048
-0.017517
0.238305
0.379546
0.213767
0.031588
-0.095654
-0.099009
-0.061273
-0.007815
0.018712
0.015371
-0.114003
-0.226373
-0.260090
-0.253336
-0.319533
-0.475041
-0.564638
-0.677170
-0.624601
-0.517915
-0.345681
-0.247668
-0.171071
-0.154668
-0.080958
0.103668
0.311884
0.293174
0.136254
0.052218
0.117854
0.299489
0.354150
0.325958
0.387841
0.393834
0.432009
0.590800
0.510550
0.339163
0.127960
-0.038106
-0.129678
-0.136484
-0.180979
-0.152666
-0.214738
-0.307632
-0.274899
-0.220121
-0.141174
-0.113052
-0.104432
-0.219790
-0.328447
-0.310914
-0.067854
0.293576
0.502892
0.467152
0.341848
0.120436
-0.033281
-0.102103
0.047548
0.003997
-0.192867
-0.313812
-0.319712
-0.205755
-0.079305
-0.072863
-0.308333
-0.526874
-0.658986
-0.703708
-0.824715
-0.778621
-0.786698
-0.738693
-0.752067
-0.642663
-0.616830
-0.614100
-0.599488
-0.547701
-0.434148
-0.403365
-0.343994
-0.229107
-0.040144
0.180231
0.285587
0.132478
0.033548
0.077790
0.108653
0.198008
0.184280
0.197736
0.168706
0.239396
0.305725
0.416190
0.394876
0.229135
0.072578
-0.018952
-0.059383
-0.122810
-0.103375
-0.077227
-0.091294
-0.156588
-0.209721
-0.222700
-0.150640
-0.138248
-0.082913
-0.024079
0.004203
0.091733
0.178060
0.481786
0.578438
0.411351
0.386577
0.381657
0.277702
0.241339
0.361972
0.358643
0.360283
0.350947
0.282156
0.212810
0.164639
0.136034
0.127711
0.120180
-0.001043
-0.095229
-0.191384
-0.230970
-0.237866
-0.249330
-0.295821
-0.412041
-0.370453
-0.372392
-0.289812
-0.182326
-0.052565
-0.020464
0.006564
0.014886
0.061737
0.002193
0.002681
0.023200
0.035513
0.055223
-0.061874
-0.096838
0.062912
0.222211
0.328332
0.141163
0.047768
-0.048860
0.019224
0.216443
0.373377
0.375352
0.288249
0.161222
0.089375
0.092804
0.018507
-0.031229
-0.063861
-0.104707
-0.099791
-0.050046
-0.042883
-0.022950
0.032161
0.051238
0.040133
-0.053115
-0.133018
-0.168836
-0.091086
-0.140008
-0.154585
-0.176524
-0.153892
-0.155338
-0.075035
0.029415
0.046484
-0.028176
-0.072627
-0.005681
0.108908
0.142463
0.101530
-0.043692
-0.094808
-0.162500
-0.289067
-0.369269
-0.396548
-0.400117
-0.281357
-0.285229
-0.259049
-0.371440
-0.410965
-0.343690
-0.301860
-0.188739
-0.116077
-0.111783
-0.125457
-0.105554
-0.055310
0.016651
0.035015
-0.003270
-0.016277
0.037256
0.081219
0.139533
0.184411
0.218696
0.185588
0.179840
0.051073
-0.053612
-0.162543
-0.237755
-0.348183
-0.406065
-0.493000
-0.533862
-0.525442
-0.495377
-0.491084
-0.543718
-0.561817
-0.599272
-0.553362
-0.493693
-0.330498
-0.155297
-0.068948
-0.107738
-0.174421
-0.222428
-0.211858
-0.156715
-0.193679
-0.188459
-0.235386
-0.239636
-0.070786
0.072109
0.204553
0.124649
-0.119909
-0.368268
-0.481767
-0.411212
-0.440783
-0.358377
-0.356852
-0.353801
-0.378188
-0.373619
-0.343564
-0.262228
-0.243409
-0.213804
-0.211851
-0.216766
-0.085347
0.124965
0.245468
0.273923
0.099523
-0.028367
-0.201295
-0.197664
-0.205924
-0.229916
-0.322348
-0.426371
-0.461747
-0.348222
-0.321171
-0.348399
-0.450184
-0.476739
-0.487989
-0.449516
-0.475976
-0.491665
-0.515682
-0.498825
-0.422005
-0.356758
-0.226582
-0.196691
-0.149008
-0.073593
0.008685
0.083640
0.103194
0.076204
0.148901
0.189338
0.187680
0.140264
0.078346
-0.043884
0.012642
0.074757
0.013928
-0.032599
-0.095472
-0.073842
0.068318
0.198799
0.281826
0.210554
0.185120
0.264996
0.240478
0.256941
0.146494
0.087281
0.015644
0.050207
0.066405
0.089629
0.057740
0.029434
0.002406
0.106838
0.107543
0.089690
0.099946
0.009775
0.028296
-0.049093
-0.018697
-0.059138
-0.030517
-0.069362
-0.012890
-0.117417
-0.198026
-0.219730
-0.221396
-0.123877
-0.119287
-0.151351
-0.222884
-0.131010
-0.169361
-0.152758
-0.275898
-0.370241
-0.542407
-0.634315
-0.648669
-0.589122
-0.557609
-0.482577
-0.512614
-0.432948
-0.414991
-0.360507
-0.288816
-0.297488
-0.287927
-0.244141
-0.232656
-0.196853
-0.105394
-0.082804
-0.132609
-0.111460
-0.062385
0.052410
0.108481
0.103870
0.092466
0.134990
0.165743
0.178163
0.269020
0.310562
0.291533
0.161422
0.156430
0.050580
0.012555
0.000905
-0.025211
0.016265
0.070104
0.096677
0.025797
0.021171
0.044356
0.162847
0.164066
0.087243
0.048287
0.020340
-0.034837
0.019904
0.025890
-0.055253
-0.157293
-0.267568
-0.251364
-0.256279
-0.180588
-0.119283
-0.173343
-0.158140
-0.177065
-0.158386
-0.223998
-0.322876
-0.370868
-0.397219
-0.442193
-0.556888
-0.630885
-0.591499
-0.483264
-0.391759
-0.295900
-0.378675
-0.533630
-0.492237
-0.410949
-0.269901
-0.198326
-0.171510
-0.200835
-0.204001
-0.214632
-0.123427
-0.157863
-0.194093
-0.143319
-0.087241
-0.039309
0.008415
0.068193
0.137970
0.229763
0.210763
0.105935
-0.015020
-0.121447
-0.120831
-0.131840
-0.113995
-0.218056
-0.328831
-0.394378
-0.394079
-0.357426
-0.447321
-0.537558
-0.600568
-0.699667
-0.578294
-0.452948
-0.385121
-0.379436
-0.410628
-0.467238
-0.432828
-0.464183
-0.450545
-0.504086
-0.515201
-0.550685
-0.456546
-0.326701
-0.219857
-0.095116
-0.067698
-0.050428
-0.212405
-0.276709
-0.300393
-0.311577
-0.328731
-0.310971
-0.329030
-0.373937
-0.282097
-0.166740
-0.065151
-0.118107
-0.186615
-0.239943
-0.210479
-0.105075
-0.005823
0.118349
0.039380
-0.007736
-0.023355
-0.009104
0.031613
-0.006047
-0.157139
-0.299261
-0.407356
-0.370638
-0.304909
-0.145097
-0.054119
-0.143303
-0.199145
-0.320647
-0.315212
-0.311774
-0.369368
-0.434863
-0.466364
-0.444088
-0.429504
-0.341889
-0.323993
-0.238743
-0.260055
-0.129157
-0.079796
-0.067244
-0.055179
-0.098746
-0.133115
-0.162830
-0.124785
-0.138370
-0.207205
-0.215568
-0.256080
-0.214793
-0.304509
-0.374678
-0.365146
-0.293597
-0.282620
-0.297103
-0.295019
-0.286456
-0.133435
0.002935
0.077400
-0.097007
-0.277212
-0.391921
-0.353194
-0.232417
-0.121684
-0.050239
-0.125311
-0.104115
-0.044882
0.025617
0.047113
0.003602
-0.115661
-0.153272
-0.144432
-0.149078
-0.183648
-0.194470
-0.242457
-0.251834
-0.301961
-0.405810
-0.450134
-0.486996
-0.449456
-0.386388
-0.312626
-0.383658
-0.448416
-0.520863
-0.622713
-0.610269
-0.636284
-0.609282
-0.527389
-0.578646
-0.611648
-0.679124
-0.828443
-0.799306
-0.608042
-0.487939
-0.330011
-0.313717
-0.346083
-0.332199
-0.280870
-0.199679
-0.173838
-0.278181
-0.372808
-0.332725
-0.270134
-0.139903
-0.023064
-0.044186
-0.097900
-0.118060
-0.128133
-0.143871
-0.154835
-0.144100
-0.107732
-0.111441
-0.131771
-0.221904
-0.320357
-0.335405
-0.288306
-0.333585
-0.371685
-0.308699
-0.291054
-0.276158
-0.215864
-0.110761
-0.089040
-0.051674
0.005566
0.090006
0.085832
0.043371
0.017262
-0.032700
-0.080281
-0.081072
-0.056657
-0.032838
-0.013745
0.015607
0.037785
0.088465
0.152985
0.181576
0.059038
-0.135500
-0.207176
-0.259926
-0.160542
-0.062914
-0.107977
-0.232610
-0.323264
-0.367840
-0.380206
-0.435371
-0.371250
-0.347877
-0.417848
-0.453690
-0.381237
-0.218491
-0.147770
-0.270974
-0.333272
-0.482800
-0.463909
-0.555070
-0.531182
-0.448547
-0.357823
-0.282383
-0.180072
-0.263044
-0.356608
-0.320957
-0.204418
-0.154550
-0.212983
-0.264936
-0.328572
-0.252660
-0.184996
-0.160570
-0.207751
-0.335114
-0.371301
-0.317914
-0.205623
-0.110844
-0.021723
0.002772
0.046309
0.124452
0.137305
0.086392
-0.020287
0.068000
0.100991
0.093156
0.032900
-0.066095
-0.129833
-0.144435
-0.205753
-0.205025
-0.192391
-0.200655
-0.227831
-0.285742
-0.336362
-0.441502
-0.548819
-0.663140
-0.666696
-0.762209
-0.886386
-0.776823
-0.716405
-0.605385
-0.510698
-0.513396
-0.621674
-0.632061
-0.640901
-0.485686
-0.212541
-0.095827
-0.078470
-0.042996
-0.007149
0.026331
0.096682
0.075541
0.030452
-0.130000
-0.242904
-0.189095
-0.062686
0.083772
0.203953
0.286540
0.120667
-0.167623
-0.410811
-0.440898
-0.457256
-0.465557
-0.439318
-0.493028
-0.507542
-0.541551
-0.499286
-0.432026
-0.403359
-0.449032
-0.427797
-0.459479
-0.350970
-0.228157
-0.117799
-0.060649
-0.118358
-0.141126
-0.106066
-0.066341
-0.084212
-0.142765
-0.390441
-0.516794
-0.533117
-0.486835
-0.298608
-0.181989
-0.269439
-0.387314
-0.582034
-0.642215
-0.614900
-0.606250
-0.686254
-0.775668
-0.802716
-0.697329
-0.674898
-0.574958
-0.524955
-0.534636
-0.492549
-0.397927
-0.330385
-0.306689
-0.237666
-0.127475
-0.067222
-0.031617
-0.062204
-0.009215
-0.014786
-0.022191
-0.017843
-0.082717
-0.174889
-0.259723
-0.181969
-0.007396
0.076256
0.047564
-0.105120
-0.135976
-0.220578
-0.199805
-0.262694
-0.389293
-0.493473
-0.570812
-0.539904
-0.457426
-0.297404
-0.170438
-0.201110
-0.356985
-0.445921
-0.355076
-0.233925
-0.053712
0.209848
0.319287
0.275974
0.197841
0.078163
0.127882
0.205563
0.162835
-0.020562
-0.189342
-0.176958
-0.043019
0.202975
0.434689
0.279121
-0.093234
-0.385713
-0.530748
-0.595857
-0.590942
-0.643513
-0.739009
-0.719106
-0.784242
-0.786317
-0.686387
-0.639230
-0.688979
-0.729004
-0.778690
-0.797293
-0.647274
-0.490924
-0.264118
-0.062659
-0.078290
-0.249683
-0.381513
-0.334883
-0.236862
-0.196707
-0.242034
-0.321343
-0.244180
-0.031746
0.202481
0.402089
0.435105
0.208566
-0.002083
-0.011443
-0.010802
0.089609
0.159241
0.256867
0.237418
0.197919
0.194482
0.216182
0.270049
0.227971
0.147256
0.081005
0.056525
0.078206
0.142323
0.139010
0.109058
-0.043154
-0.151766
-0.204194
-0.300031
-0.365203
-0.522027
-0.618993
-0.692717
-0.714459
-0.591261
-0.596932
-0.526378
-0.508825
-0.526585
-0.637369
-0.737601
-0.762765
-0.697663
-0.733744
-0.863573
-0.837863
-0.829261
-0.673501
-0.488879
-0.358653
-0.424286
-0.571597
-0.594536
-0.540997
-0.417867
-0.355021
-0.379133
-0.413439
-0.460078
-0.352220
-0.200537
-0.159823
-0.350985
-0.581367
-0.700050
-0.655739
-0.590676
-0.520253
-0.436687
-0.411000
-0.428611
-0.412996
-0.418194
-0.439106
-0.533507
-0.509090
-0.528179
-0.557508
-0.557294
-0.515319
-0.414261
-0.377750
-0.298034
-0.219686
-0.107363
-0.061830
0.043433
0.106442
0.040402
-0.107804
-0.219205
-0.201630
-0.007325
0.028475
-0.033156
-0.129696
-0.248212
-0.337748
-0.298894
-0.280077
-0.264786
-0.349853
-0.377299
-0.333892
-0.284337
-0.235776
-0.326898
-0.333445
-0.423574
-0.443808
-0.476510
-0.513885
-0.524639
-0.467856
-0.404579
-0.279337
-0.301129
-0.345366
-0.317868
-0.282416
-0.212033
-0.233784
-0.285472
-0.352206
-0.369832
-0.399778
-0.424312
-0.507788
-0.569159
-0.582103
-0.634586
-0.568837
-0.508029
-0.656639
-0.644695
-0.591669
-0.487197
-0.509353
-0.488549
-0.501304
-0.478133
-0.478837
-0.415714
-0.343224
-0.346710
-0.333297
-0.264448
-0.121367
0.028215
0.169211
0.318837
0.458991
0.543462
0.505478
0.528506
0.462350
0.411584
0.538018
0.482603
0.479570
0.381433
0.324483
0.222172
0.242580
0.248699
0.212066
0.171140
0.199705
0.143131
0.110548
0.070480
-0.053515
-0.142327
-0.193074
-0.211213
-0.193734
-0.169810
-0.338987
-0.511810
-0.580338
-0.613459
-0.543830
-0.477649
-0.522261
-0.527344
-0.481462
-0.446813
-0.371348
-0.413842
-0.389511
-0.451342
-0.461396
-0.537155
-0.574413
-0.487615
-0.291755
-0.127845
0.071061
0.091638
-0.001094
0.004222
0.169617
0.388346
0.503602
0.466821
0.479924
0.470221
0.521771
0.523625
0.432496
0.394483
0.324396
0.454388
0.508824
0.463983
0.460390
0.394439
0.460762
0.493506
0.484911
0.374131
0.221472
0.031961
0.072131
0.140414
0.104574
-0.061666
-0.309462
-0.442467
-0.517394
-0.531488
-0.639198
-0.602712
-0.560466
-0.509598
-0.680147
-0.738224
-0.932984
-1.045782
-0.830465
-0.817441
-0.904570
-0.880019
-0.838445
-0.841667
-0.762013
-0.702768
-0.827797
-0.703263
-0.623839
-0.681055
-0.541120
-0.269970
-0.045744
-0.039381
-0.122316
-0.219546
-0.356516
-0.456009
-0.462010
-0.316023
-0.168480
-0.089301
-0.075595
-0.180400
-0.265758
-0.271722
-0.263447
-0.290965
-0.246702
-0.217449
-0.306476
-0.336593
-0.401454
-0.392711
-0.348102
-0.422202
-0.367263
-0.227192
-0.190697
-0.142016
-0.027892
0.066556
0.127040
0.184847
0.220092
0.250617
0.163565
0.175206
0.227801
0.359918
0.496711
0.319108
0.083437
-0.071294
-0.270055
-0.267735
-0.154016
-0.058968
-0.037862
-0.074572
-0.241130
-0.259286
-0.285034
-0.274284
-0.316453
-0.508018
-0.594763
-0.595896
-0.516590
-0.353540
-0.211905
-0.126701
-0.121683
-0.112313
-0.085968
0.000489
0.034377
0.017421
0.027308
0.002209
0.013851
-0.077586
-0.102502
-0.100994
-0.182188
-0.235652
-0.356364
-0.463043
-0.473804
-0.435538
-0.432732
-0.422982
-0.430841
-0.347876
-0.206339
-0.007197
0.108966
-0.074824
-0.347763
-0.436757
-0.324886
-0.161833
0.127222
0.181719
0.113037
0.103965
0.096028
0.139504
0.145057
0.040386
-0.138488
-0.304433
-0.373839
-0.357546
-0.314202
-0.338465
-0.390658
-0.472130
-0.702775
-1.017046
-0.984800
-0.682792
-0.624753
-0.495889
-0.437207
-0.385295
-0.468000
-0.411027
-0.374785
-0.335011
-0.358060
-0.295520
-0.232360
-0.280099
-0.191956
-0.111820
-0.127054
-0.161745
-0.103322
-0.000238
-0.051853
-0.102441
-0.108870
-0.123586
-0.148990
-0.154307
-0.167981
-0.297214
-0.455961
-0.584945
-0.484131
-0.298088
-0.144641
-0.077265
-0.049764
-0.104698
-0.173011
-0.148623
-0.020998
0.200943
0.381898
0.536912
0.432833
0.384577
0.387698
0.424878
0.488989
0.367745
0.059412
-0.068442
-0.108370
0.054257
0.355567
0.522200
0.452793
0.186681
-0.130679
-0.257560
-0.214777
-0.196338
-0.208289
-0.269174
-0.288851
-0.362456
-0.277040
-0.229036
-0.202193
-0.137948
-0.175502
-0.220428
-0.184657
-0.171223
-0.060282
-0.002193
0.021853
0.025156
-0.060624
-0.114735
-0.167538
-0.147824
-0.251200
-0.266072
-0.327133
-0.359225
-0.355611
-0.248202
-0.213766
-0.225342
-0.214909
-0.107055
0.015849
0.137687
-0.036080
-0.241027
-0.405528
-0.362842
-0.225371
-0.007071
0.229717
0.182544
0.085350
0.106471
0.068152
-0.011000
0.045854
-0.023638
-0.049945
-0.177844
-0.245875
-0.205719
-0.095538
-0.034383
-0.163623
-0.432392
-0.707033
-0.831632
-0.891086
-0.691872
-0.437993
-0.396478
-0.484648
-0.500538
-0.530750
-0.447869
-0.374830
-0.447742
-0.644935
-0.756618
-0.783596
-0.545057
-0.189888
0.175516
0.219033
0.055948
-0.084183
-0.178248
-0.054434
0.108004
0.329364
0.508740
0.590093
0.508253
0.308571
0.211743
0.274894
0.300170
0.195107
-0.010909
-0.153737
-0.193429
-0.027782
0.146053
0.209718
0.104366
-0.125209
-0.369247
-0.498207
-0.492617
-0.476574
-0.406170
-0.367159
-0.455458
-0.488555
-0.567957
-0.701990
-0.611044
-0.478948
-0.392234
-0.270841
-0.225712
-0.154703
-0.215942
-0.176005
-0.119682
-0.120891
-0.110216
-0.110561
-0.133179
-0.145305
-0.002235
0.064286
0.042137
0.113164
0.073891
-0.014360
0.034015
0.045727
0.102833
0.186726
0.205921
0.096977
-0.005705
-0.052090
-0.079614
-0.162196
-0.204122
-0.239808
-0.282870
-0.263452
-0.207398
-0.222915
-0.145296
-0.114920
-0.107016
-0.263782
-0.420423
-0.487230
-0.435124
-0.348809
-0.290360
-0.294949
-0.433232
-0.482061
-0.477041
-0.522138
-0.443161
-0.392673
-0.431322
-0.361874
-0.356664
-0.206981
-0.058335
-0.078296
-0.118726
-0.245529
-0.384440
-0.498225
-0.524529
-0.355618
-0.123495
0.108483
0.152456
0.017990
-0.049339
-0.108379
-0.057539
0.187440
0.191865
0.072903
-0.002503
-0.020319
0.149017
0.226943
0.175254
-0.001302
-0.192586
-0.210485
-0.139582
-0.052671
-0.029052
0.074445
0.124114
0.146086
0.141651
0.102520
0.100196
0.082746
0.019245
0.128358
0.135061
0.050294
0.041629
0.166653
0.286850
0.356993
0.378287
0.348894
0.365727
0.354132
0.354948
0.298866
0.152846
0.000212
-0.010775
0.036567
0.027456
-0.103377
-0.200914
-0.356080
-0.399769
-0.387618
-0.396384
-0.351765
-0.362823
-0.330115
-0.236807
-0.109282
-0.042529
0.051221
0.049796
-0.008856
-0.079032
-0.090439
-0.003993
0.165101
0.342061
0.473005
0.557019
0.396367
0.267031
0.262356
0.275465
0.259735
0.191323
0.087083
-0.054585
-0.188887
-0.309777
-0.431636
-0.507912
-0.669669
-0.824175
-0.947484
-0.824300
-0.736262
-0.822221
-0.746578
-0.878684
-0.853429
-0.753724
-0.640979
-0.621976
-0.619688
-0.699519
-0.670745
-0.640815
-0.590652
-0.515726
-0.347360
-0.263251
-0.171851
-0.169861
-0.123790
-0.118934
-0.050472
0.103344
0.158944
0.173421
0.122091
0.140658
0.123965
0.101618
0.165659
0.163256
0.178880
0.088080
0.114494
0.238974
0.321175
0.459512
0.432449
0.321894
0.312528
0.264060
0.322117
0.333307
0.152457
0.163895
0.120899
0.139801
0.003640
-0.120655
-0.152131
-0.135304
-0.046842
0.148275
0.205421
0.110432
-0.072697
-0.210133
-0.222265
-0.235461
-0.249380
-0.290413
-0.284483
-0.335612
-0.422457
-0.627548
-0.698966
-0.808516
-0.814363
-0.726938
-0.733132
-0.778082
-0.917419
-0.954461
-0.983619
-0.991486
-0.938944
-0.962059
-1.112304
-0.866265
-0.939880
-0.916542
-0.819471
-0.799419
-0.763595
-0.754154
-0.616201
-0.465439
-0.301718
-0.088787
0.233614
0.414821
0.378749
0.381023
0.253553
0.165607
0.201813
0.484996
0.672950
0.617118
0.493155
0.433838
0.403943
0.425281
0.429132
0.323114
0.190630
0.082030
0.106112
0.069526
0.045554
0.079443
0.097183
0.068240
-0.085477
-0.142365
-0.172504
-0.042017
0.136015
0.235201
0.275224
0.246946
0.133522
0.058982
0.003848
-0.060950
-0.099121
-0.151827
-0.230159
-0.298026
-0.334577
-0.447989
-0.476462
-0.502873
-0.536042
-0.600257
-0.591684
-0.593400
-0.531240
-0.359801
-0.172859
-0.088441
-0.171029
-0.340177
-0.461690
-0.422757
-0.208468
0.120218
0.535006
0.624533
0.577858
0.524153
0.445983
0.569047
0.753103
0.830874
0.661636
0.570599
0.553976
0.607618
0.757302
0.642758
0.442418
0.168829
-0.102054
-0.182334
-0.092539
-0.004868
0.191406
0.194449
0.113849
-0.036882
-0.241863
-0.429151
-0.517740
-0.409955
-0.353959
-0.346588
-0.389566
-0.550738
-0.577634
-0.381895
-0.325439
-0.314739
-0.423217
-0.539406
-0.455914
-0.287483
-0.142244
-0.063905
-0.085819
-0.196956
-0.283967
-0.341670
-0.435571
-0.429775
-0.365119
-0.241306
-0.087597
-0.077154
-0.197437
-0.319753
-0.330860
-0.192707
-0.136575
-0.042945
-0.046276
-0.099126
-0.201873
-0.306173
-0.289323
-0.335525
-0.389619
-0.279337
-0.162901
-0.096194
-0.156258
-0.147416
-0.146220
-0.037542
0.008301
0.038712
-0.044057
-0.099543
-0.098683
-0.006670
0.049608
0.060184
-0.067126
-0.285444
-0.482887
-0.523610
-0.411652
-0.303797
-0.112588
-0.013000
-0.074301
-0.283012
-0.524662
-0.608836
-0.641462
-0.595069
-0.516701
-0.620116
-0.680987
-0.557770
-0.428209
-0.204502
-0.130221
-0.198299
-0.335547
-0.458966
-0.302291
-0.050076
0.259234
0.412220
0.384585
0.250373
0.161512
0.204717
0.172325
0.084434
-0.110425
-0.308091
-0.409279
-0.392272
-0.257664
-0.051765
-0.033021
-0.265115
-0.598715
-0.998630
-1.131926
-0.993139
-0.781746
-0.905774
-0.948867
-1.115463
-0.922980
-0.786118
-0.704525
-0.676401
-0.773369
-0.820851
-0.807273
-0.741382
-0.409414
0.040530
0.505442
0.513497
0.384895
0.248878
0.222638
0.329022
0.505218
0.545174
0.356229
0.371492
0.432766
0.600989
0.725962
0.600044
0.406123
0.180087
-0.119651
-0.224680
-0.250024
-0.219265
-0.272013
-0.352189
-0.430941
-0.394156
-0.346660
-0.317262
-0.376672
-0.369444
-0.433675
-0.481773
-0.424630
-0.263370
-0.053797
0.197916
0.194694
0.004424
-0.103303
-0.101754
-0.099450
-0.058480
-0.100990
-0.255915
-0.375183
-0.317854
-0.116146
0.142846
0.160544
-0.057593
-0.254529
-0.320722
-0.316637
-0.299592
-0.367496
-0.349174
-0.360879
-0.312409
-0.152491
-0.036764
0.031665
0.072600
0.057209
0.017089
-0.069357
0.024696
0.098684
0.326983
0.357273
0.278199
0.200264
0.211123
0.224382
0.330238
0.113288
-0.165400
-0.366613
-0.407482
-0.263246
-0.003731
0.191967
0.170449
-0.005440
-0.176997
-0.254586
-0.245225
-0.242648
-0.329365
-0.441233
-0.547801
-0.486392
-0.333713
-0.185987
-0.159994
-0.183173
-0.302598
-0.413290
-0.419349
-0.374176
-0.356491
-0.267525
-0.284007
-0.329127
-0.343083
-0.277357
-0.210873
-0.251423
-0.319411
-0.516981
-0.534645
-0.519902
-0.426310
-0.257171
-0.162214
-0.140987
-0.157623
-0.080173
-0.066207
0.033904
-0.056062
-0.239513
-0.323145
-0.417221
-0.320154
-0.102456
0.073762
0.205530
0.173648
0.115735
0.079532
0.241363
0.406970
0.449409
0.274861
0.206460
0.291742
0.451040
0.591200
0.652248
0.515226
0.265119
0.165313
0.087161
0.047340
0.146380
0.202583
0.127785
0.081816
-0.031023
-0.187587
-0.352256
-0.504640
-0.578929
-0.640712
-0.731057
-0.856634
-0.928132
-0.937285
-0.827056
-0.797934
-0.824173
-0.858458
-0.962624
-0.859490
-0.711052
-0.545532
-0.434198
-0.358635
-0.349303
-0.338512
-0.452510
-0.486202
-0.396559
-0.208997
0.026533
0.196784
0.232891
0.176798
0.105142
0.139189
0.196221
0.205776
0.161209
0.052864
-0.102585
-0.072994
0.055093
0.149541
0.015640
-0.167580
-0.293541
-0.270693
-0.254159
-0.200987
-0.171764
-0.176172
-0.182897
-0.080950
0.020869
0.098955
0.106676
0.076368
-0.048190
-0.153528
-0.173900
-0.211997
-0.173287
-0.061158
0.045064
-0.022911
-0.074833
-0.080616
-0.023270
0.018093
-0.002839
-0.163547
-0.284342
-0.329731
-0.318267
-0.272523
-0.234394
-0.355232
-0.451148
-0.674191
-0.676912
-0.655438
-0.555826
-0.568200
-0.563342
-0.541563
-0.502655
-0.512102
-0.600015
-0.610435
-0.641110
-0.658022
-0.667598
-0.615807
-0.716724
-0.698338
-0.583423
-0.550308
-0.500354
-0.467962
-0.467503
-0.410100
-0.335429
-0.229259
-0.200028
-0.131089
-0.212869
-0.259912
-0.220414
-0.254005
-0.323014
-0.263183
-0.314100
-0.344771
-0.255990
-0.200857
-0.173910
-0.137972
-0.124061
-0.050068
-0.098264
-0.165079
-0.194560
-0.139412
-0.161641
-0.121242
-0.099683
-0.142994
-0.067809
0.112312
0.143730
0.208102
0.151545
0.146648
0.271126
0.309364
0.325763
0.141613
-0.114561
-0.144923
-0.109709
0.073710
0.092343
-0.093971
-0.464264
-0.704196
-0.832567
-0.889211
-0.847714
-0.644828
-0.667735
-0.668327
-0.680024
-0.700472
-0.600465
-0.554718
-0.590822
-0.723698
-0.784936
-0.700746
-0.529891
-0.269489
0.167533
0.392498
0.282696
0.204560
0.298875
0.664448
0.615656
0.447142
0.260982
0.076444
0.102800
0.292984
0.563361
0.609915
0.303313
-0.122648
-0.425654
-0.546904
-0.431128
-0.349685
-0.421380
-0.486231
-0.481483
-0.327891
-0.159764
0.017001
0.106850
-0.076362
-0.219835
-0.426211
-0.354347
-0.220212
0.110473
0.438893
0.418186
0.392893
0.379878
0.457520
0.555182
0.506238
0.362384
0.090960
-0.077278
-0.086636
0.019471
0.102108
0.046837
-0.179896
-0.274036
-0.274119
-0.238460
-0.234261
-0.289562
-0.358897
-0.460483
-0.349167
-0.106530
0.131950
0.365178
0.359878
0.225276
0.117544
0.124403
0.137616
0.140296
0.119145
0.119695
0.080361
0.161920
0.366953
0.546231
0.476511
0.356051
0.055208
-0.168082
-0.280553
-0.229938
-0.232764
-0.319484
-0.364514
-0.418838
-0.374448
-0.147837
-0.015587
-0.046925
-0.178933
-0.343078
-0.422137
-0.325172
0.008654
0.180503
0.277721
0.245343
0.095157
0.032925
0.080388
0.076722
0.065159
-0.140557
-0.276555
-0.282868
-0.141683
0.056986
0.147931
0.155449
-0.004722
-0.077139
-0.038985
-0.054124
-0.065499
-0.178118
-0.287344
-0.239609
-0.229523
-0.079709
0.097570
0.131852
0.142718
0.156184
0.112040
0.153025
0.174694
0.410424
0.396391
0.589403
0.658220
0.392461
0.272674
0.250088
0.243906
0.339269
0.265893
0.142378
0.077555
0.091747
0.235220
0.312239
0.242032
-0.018113
-0.242597
-0.447855
-0.553419
-0.581483
-0.595187
-0.702232
-0.710396
-0.845887
-1.038133
-1.121664
-1.162424
-0.836388
-0.845800
-1.050572
-0.918863
-0.974408
-1.073301
-0.839374
-0.720600
-0.768426
-0.900193
-1.020034
-0.905986
-0.679541
-0.482684
-0.222110
0.236292
0.360362
0.220418
0.217919
0.389072
0.604286
0.545709
0.464355
0.379914
0.338381
0.303141
0.379333
0.427652
0.346553
0.021795
-0.409177
-0.820274
-0.912060
-0.736126
-0.628037
-0.605703
-0.696298
-0.681991
-0.675258
-0.633908
-0.577688
-0.499401
-0.577425
-0.686607
-0.606926
-0.412528
-0.151318
0.138197
0.398842
0.452959
0.552588
0.581010
0.705157
0.622691
0.619360
0.574938
0.485833
0.392562
0.372872
0.430074
0.400916
0.311355
0.108033
-0.031077
-0.275307
-0.349988
-0.323030
-0.260612
-0.180166
-0.183300
-0.159857
-0.110652
0.101938
0.171934
0.132542
0.012759
-0.160926
-0.185966
-0.066372
0.321786
0.652868
0.612678
0.610096
0.636656
0.526422
0.569967
0.613255
0.571684
0.443276
0.388625
0.298592
0.375249
0.412802
0.417409
0.371443
0.087183
-0.139489
-0.328377
-0.334639
-0.239867
-0.015066
0.027463
-0.023215
-0.102385
-0.109219
0.001280
0.110901
0.038031
-0.164001
-0.410326
-0.436637
-0.263085
0.077075
0.541554
0.761742
0.652285
0.445370
0.230902
0.158490
0.379143
0.676727
0.837452
0.840209
0.752458
0.546504
0.482853
0.598370
0.535303
0.385314
0.069506
-0.231560
-0.289097
-0.151997
0.042908
0.193778
0.082521
-0.230907
-0.519146
-0.663144
-0.692507
-0.760296
-0.821272
-0.856404
-0.880867
-0.758376
-0.732921
-0.682633
-0.656308
-0.639970
-0.586956
-0.629674
-0.562102
-0.408849
-0.242704
-0.069409
0.095371
0.128660
0.061890
-0.028526
-0.015314
0.152643
0.274281
0.402006
0.485231
0.617305
0.612072
0.551912
0.455120
0.539765
0.743564
0.892791
1.093220
0.863590
0.712199
0.609420
0.505603
0.521389
0.603097
0.671377
0.578918
0.325063
0.297652
0.488835
0.645302
0.677005
0.387255
-0.083109
-0.475685
-0.835702
-0.648843
-0.540473
-0.471054
-0.519807
-0.648611
-1.033270
-1.121362
-0.984388
-0.838281
-0.869133
-0.990598
-0.982927
-0.967923
-0.765238
-0.567744
-0.446530
-0.394927
-0.567021
-0.877450
-0.822855
-0.770389
-0.613307
-0.344165
0.007041
0.164321
0.159681
-0.027082
-0.117976
0.031998
0.221181
0.299758
0.304215
0.275388
0.297085
0.370388
0.644472
0.549192
0.452648
0.360990
0.314766
0.329597
0.412193
0.519847
0.593192
0.758214
0.674491
0.535238
0.378465
0.153383
0.127653
0.103565
0.180989
0.105831
-0.114440
-0.249177
-0.329990
-0.392502
-0.320581
-0.343194
-0.481494
-0.571835
-0.507753
-0.370201
-0.153069
0.071794
0.110159
0.050686
-0.004121
0.017545
-0.004675
0.075678
0.346592
0.704873
0.851692
0.802431
0.611533
0.633560
0.832296
0.761716
0.672130
0.626860
0.460330
0.348663
0.355910
0.418183
0.366971
0.228250
0.058645
0.106461
0.218508
0.229672
0.226331
0.121154
0.001138
0.018111
0.338763
0.779491
0.940419
0.752038
0.615551
0.545564
0.612887
0.644285
0.636391
0.525590
0.467428
0.407444
0.388550
0.514580
0.574183
0.577813
0.330123
-0.027628
-0.235995
-0.459263
-0.570670
-0.561356
-0.650334
-0.795660
-0.867411
-0.803969
-0.648228
-0.522935
-0.498216
-0.554040
-0.749406
-0.799252
-0.618858
-0.335815
0.016981
0.328196
0.367409
0.251655
0.055408
0.030904
0.147460
0.212828
0.105221
-0.023739
-0.119749
-0.060432
0.088002
0.262475
0.304561
0.123931
-0.144329
-0.327561
-0.473710
-0.410978
-0.415156
-0.421363
-0.475668
-0.503576
-0.417678
-0.325133
-0.225812
-0.111227
-0.099686
-0.159005
-0.139525
0.011751
0.136450
0.286959
0.348973
0.449566
0.302996
0.179667
0.085354
0.139718
0.179919
0.035056
-0.112300
-0.186383
-0.165350
-0.039498
0.060790
0.072567
-0.063373
-0.144598
-0.168598
-0.083513
-0.066939
-0.129178
-0.266290
-0.275212
-0.205941
-0.049531
0.034521
0.059439
0.068695
0.047255
0.174406
0.175738
0.125253
0.150428
0.163587
0.211086
0.157253
0.081271
0.033657
0.051954
0.106450
0.076243
-0.016172
-0.081806
-0.057269
-0.034770
0.086765
0.165804
0.203622
0.169314
0.227252
0.351426
0.435692
0.303520
0.158965
0.019400
-0.028792
0.075276
0.117269
0.194677
0.172416
0.144399
0.080823
0.074674
0.139677
0.174711
0.128045
0.154210
0.203104
0.210235
0.164023
0.088626
0.079807
0.179709
0.213531
0.369032
0.471883
0.492548
0.514604
0.510313
0.474859
0.549454
0.616537
0.643140
0.667687
0.624706
0.513128
0.405674
0.323328
0.215150
0.155123
0.115342
0.099111
0.051548
0.035305
-0.032327
-0.047321
-0.072830
-0.016181
0.073149
0.200357
0.331600
0.302878
0.158915
0.077256
0.033271
0.179065
0.319051
0.627069
0.753691
0.715656
0.710297
0.531570
0.504298
0.716799
0.773840
0.607872
0.497791
0.394235
0.360427
0.301559
0.260770
0.122008
-0.035695
-0.236898
-0.377300
-0.464309
-0.402645
-0.344256
-0.420580
-0.439830
-0.386908
-0.251542
-0.138330
0.003994
0.003376
-0.078187
-0.209437
-0.255630
-0.203477
0.073801
0.430048
0.532888
0.643067
0.603127
0.546951
0.628111
0.659788
0.530830
0.424424
0.240947
0.066326
0.094701
0.298859
0.435610
0.287987
-0.118077
-0.500797
-0.583028
-0.582211
-0.567237
-0.653217
-0.646170
-0.568144
-0.577826
-0.514463
-0.363291
-0.328444
-0.352360
-0.489273
-0.608613
-0.611644
-0.456582
-0.250230
0.050429
0.418695
0.444737
0.362942
0.280910
0.321831
0.455470
0.639713
0.641791
0.553529
0.458783
0.403111
0.415212
0.364849
0.266063
0.131460
0.057279
0.084980
0.079624
0.012852
-0.052450
-0.100485
-0.128553
-0.036718
0.171779
0.281933
0.346774
0.267145
0.221474
0.170757
0.228738
0.280386
0.361677
0.548429
0.642612
0.671504
0.702538
0.617480
0.641511
0.785344
0.620162
0.510478
0.347392
0.239220
0.253184
0.183188
0.084356
-0.127119
-0.292497
-0.309506
-0.270577
-0.305579
-0.375135
-0.499391
-0.634984
-0.594076
-0.432594
-0.250261
-0.029074
0.011036
-0.002577
-0.116150
-0.233128
-0.127673
0.016864
0.177596
0.335635
0.473721
0.655202
0.653109
0.610305
0.665308
0.742356
0.686910
0.570128
0.455199
0.381382
0.479335
0.534849
0.645788
0.450380
0.225863
0.086371
0.026333
0.066835
0.116811
0.102766
0.069968
0.044401
0.062653
0.005140
-0.013520
-0.106763
-0.203292
-0.256593
-0.225789
-0.242556
-0.437489
-0.465623
-0.482101
-0.479563
-0.465004
-0.363681
-0.446314
-0.555654
-0.497920
-0.325700
-0.301601
-0.285929
-0.337792
-0.390060
-0.374068
-0.533008
-0.534285
-0.431702
-0.145871
0.052517
0.156974
0.117023
-0.054135
-0.083423
-0.070119
0.210636
0.403804
0.424186
0.335491
0.283293
0.237760
0.305718
0.197041
0.133769
0.158169
0.289057
0.386164
0.338692
0.337003
0.332511
0.396071
0.519478
0.685738
0.725783
0.502369
0.539807
0.523462
0.461193
0.603306
0.451056
0.358901
0.349881
0.380707
0.363594
0.388585
0.338100
0.382705
0.342107
0.211079
0.003432
-0.306485
-0.319023
-0.368703
-0.352487
-0.344367
-0.431984
-0.517053
-0.725446
-0.752326
-0.666703
-0.585763
-0.606723
-0.721546
-0.686117
-0.573065
-0.464386
-0.325518
-0.322067
-0.324580
-0.473311
-0.646564
-0.636176
-0.647644
-0.643615
-0.514040
-0.502063
-0.592840
-0.527171
-0.480896
-0.442695
-0.431916
-0.432690
-0.483852
-0.528499
-0.553635
-0.437875
-0.387710
-0.432731
-0.443459
-0.319120
-0.185258
-0.016688
0.093499
0.113243
0.156789
0.140787
0.185069
0.382447
0.461676
0.563667
0.560591
0.438612
0.404870
0.289102
0.168971
0.149830
0.142685
0.025948
-0.085718
-0.133436
-0.029008
0.006409
0.085407
-0.016390
-0.072148
-0.033945
0.084122
0.094727
0.045314
-0.112646
-0.175678
-0.072674
0.045451
0.370175
0.667349
0.676834
0.633479
0.656313
0.638324
0.712124
0.825082
0.763289
0.711915
0.768041
0.780068
0.673974
0.789980
0.657662
0.577444
0.384420
0.077183
-0.125498
-0.082983
0.135805
0.271239
0.247406
0.001971
-0.206641
-0.268729
-0.234867
-0.258583
-0.410047
-0.683141
-0.692973
-0.633827
-0.562251
-0.510594
-0.417677
-0.378141
-0.432164
-0.479994
-0.492967
-0.496552
-0.400600
-0.254528
-0.167999
-0.113420
-0.185480
-0.351694
-0.473626
-0.562215
-0.548050
-0.488095
-0.441830
-0.435566
-0.497365
-0.563497
-0.600776
-0.579179
-0.660881
-0.634486
-0.597830
-0.567537
-0.556890
-0.606500
-0.675462
-0.655714
-0.592116
-0.552591
-0.436841
-0.406678
-0.325039
-0.197687
-0.047162
0.060179
0.143790
0.264448
0.463143
0.459236
0.408898
0.371997
0.360855
0.414896
0.356938
0.326837
0.267658
0.144472
-0.021392
0.053779
0.157284
0.214233
0.233345
0.069836
-0.163597
-0.390805
-0.596574
-0.549619
-0.424509
-0.256333
-0.159138
-0.236835
-0.574820
-0.638175
-0.695473
-0.640717
-0.494486
-0.443624
-0.387355
-0.411178
-0.311849
-0.157455
-0.015614
-0.012122
-0.158117
-0.419125
-0.593536
-0.616419
-0.504552
-0.249081
0.097938
0.218435
0.059028
-0.179116
-0.338339
-0.251801
-0.074827
0.134949
0.214665
0.133706
0.102695
0.153835
0.395059
0.350812
0.231736
0.114503
-0.065313
-0.160097
-0.077292
0.092081
0.265869
0.374981
0.302509
0.111088
-0.154139
-0.423306
-0.462831
-0.352633
-0.361925
-0.437237
-0.561357
-0.585728
-0.566882
-0.507591
-0.353807
-0.352196
-0.520966
-0.583871
-0.525521
-0.307913
0.005017
0.263133
0.288425
0.167433
0.095434
0.042623
-0.036276
-0.037567
-0.002054
0.084955
0.160524
0.162141
0.121196
0.085936
0.105596
0.070740
-0.109886
-0.277928
-0.477629
-0.593670
-0.484542
-0.420442
-0.437665
-0.508420
-0.659207
-0.615006
-0.649915
-0.502633
-0.395739
-0.421170
-0.390651
-0.297809
-0.148331
0.127430
0.295338
0.402900
0.379424
0.261903
0.159042
0.189765
0.240778
0.304559
0.318523
0.450800
0.377647
0.343461
0.380150
0.383302
0.314445
0.132096
-0.050456
-0.231112
-0.276842
-0.259549
-0.235477
-0.371553
-0.413781
-0.506535
-0.638016
-0.645297
-0.626087
-0.589268
-0.628215
-0.756858
-0.642255
-0.534201
-0.423885
-0.400026
-0.334835
-0.324464
-0.388031
-0.469203
-0.470203
-0.387924
-0.290407
