5.500000
5.532285
-12.953520
0.700185
1324.000000
3405.000000
4888.000000
6280.000000
7158.000000
8591.000000
9649.000000
8704.000000
5242.000000
1011.000000
-2195.000000
-4819.000000
-7949.000000
-11780.000000
-15826.000000
-18327.000000
-19791.000000
-20374.000000
-20309.000000
-19429.000000
-14602.000000
-8839.000000
-2028.000000
3992.000000
8277.000000
10660.000000
13372.000000
16283.000000
17253.000000
17326.000000
16418.000000
14692.000000
11189.000000
5992.000000
-494.000000
-7314.000000
-11331.000000
-6106.000000
4354.000000
13085.000000
17148.000000
18559.000000
17169.000000
11919.000000
3846.000000
-4100.000000
-10048.000000
-14110.000000
-15798.000000
-16428.000000
-15691.000000
-15244.000000
-14723.000000
-14556.000000
-14520.000000
-15654.000000
-17443.000000
-18937.000000
-18572.000000
-18719.000000
-19365.000000
-19152.000000
-15616.000000
-9603.000000
-5918.000000
-3081.000000
583.000000
5845.000000
9771.000000
11405.000000
11836.000000
12259.000000
14732.000000
18440.000000
18949.000000
16042.000000
12422.000000
9590.000000
6217.000000
993.000000
-3967.000000
-7592.000000
-9880.000000
-12372.000000
-16027.000000
-18931.000000
-18953.000000
-15773.000000
-8897.000000
837.000000
10780.000000
17791.000000
17972.000000
11163.000000
692.000000
-10312.000000
-17537.000000
-18597.000000
-14753.000000
-7944.000000
-409.000000
3918.000000
6290.000000
7199.000000
7826.000000
8706.000000
9940.000000
10503.000000
11286.000000
12579.000000
13818.000000
15631.000000
18036.000000
19242.000000
19860.000000
19719.000000
19689.000000
18945.000000
16492.000000
8586.000000
-3192.000000
-14082.000000
-17749.000000
-12560.000000
1409.000000
14143.000000
13639.000000
-554.000000
-13851.000000
-12452.000000
265.000000
13615.000000
18648.000000
13329.000000
5349.000000
1098.000000
24.000000
-760.000000
-2906.000000
-6381.000000
-8909.000000
-9099.000000
-4138.000000
6050.000000
13232.000000
11704.000000
2750.000000
-8529.000000
-12321.000000
-5673.000000
5482.000000
14298.000000
15605.000000
13311.000000
8717.000000
-472.000000
-9649.000000
-14320.000000
-16642.000000
-17605.000000
-16307.000000
-11716.000000
-8310.000000
-3508.000000
2850.000000
8558.000000
12948.000000
14406.000000
13905.000000
13253.000000
14649.000000
17468.000000
19628.000000
18648.000000
15017.000000
11253.000000
9065.000000
8720.000000
8517.000000
8134.000000
8292.000000
10602.000000
13510.000000
14590.000000
14430.000000
11978.000000
9467.000000
8421.000000
8075.000000
7634.000000
5868.000000
4188.000000
4258.000000
7830.000000
13822.000000
16824.000000
18040.000000
17615.000000
16844.000000
13630.000000
5611.000000
-5373.000000
-12938.000000
-12820.000000
-5857.000000
5220.000000
12778.000000
13907.000000
9225.000000
2399.000000
-3824.000000
-10416.000000
-15602.000000
-14273.000000
-7398.000000
1485.000000
7836.000000
11463.000000
12390.000000
11157.000000
8435.000000
3965.000000
-2802.000000
-11823.000000
-17817.000000
-19243.000000
-18624.000000
-18878.000000
-18366.000000
-15664.000000
-11736.000000
-6653.000000
-3875.000000
-5589.000000
-9705.000000
-12582.000000
-14107.000000
-16326.000000
-17434.000000
-17498.000000
-16219.000000
-15468.000000
-15284.000000
-16424.000000
-17091.000000
-16662.000000
-16279.000000
-15740.000000
-17205.000000
-19103.000000
-19569.000000
-18969.000000
-16220.000000
-9103.000000
3141.000000
14024.000000
17072.000000
10649.000000
-507.000000
-11001.000000
-17787.000000
-16985.000000
-9375.000000
938.000000
8978.000000
14828.000000
17012.000000
12916.000000
3850.000000
-6116.000000
-14703.000000
-18004.000000
-15594.000000
-9168.000000
-715.000000
6133.000000
12128.000000
15970.000000
18171.000000
18362.000000
18799.000000
18618.000000
18268.000000
18002.000000
17105.000000
15782.000000
15793.000000
16775.000000
17869.000000
19071.000000
20110.000000
18887.000000
13728.000000
5286.000000
-4050.000000
-11110.000000
-15244.000000
-17290.000000
-15595.000000
-5252.000000
9437.000000
16183.000000
8884.000000
-6320.000000
-15835.000000
-12915.000000
-593.000000
13466.000000
15291.000000
3687.000000
-10284.000000
-18206.000000
-19360.000000
-17592.000000
-13993.000000
-7321.000000
-84.000000
6128.000000
11068.000000
14429.000000
16665.000000
17317.000000
18556.000000
19763.000000
19335.000000
19183.000000
19658.000000
20358.000000
19518.000000
19257.000000
18889.000000
18686.000000
18645.000000
19064.000000
18470.000000
17703.000000
19146.000000
18532.000000
15316.000000
12397.000000
14171.000000
16444.000000
17722.000000
17933.000000
16173.000000
12819.000000
5833.000000
-1863.000000
-9477.000000
-14191.000000
-15347.000000
-11660.000000
-4219.000000
4736.000000
12004.000000
16169.000000
17669.000000
17671.000000
16780.000000
12331.000000
8710.000000
6732.000000
4595.000000
-856.000000
-9309.000000
-16532.000000
-17667.000000
-10298.000000
2333.000000
14153.000000
14992.000000
5175.000000
-7532.000000
-15668.000000
-18781.000000
-20145.000000
-20104.000000
-20100.000000
-19606.000000
-19228.000000
-18198.000000
-15385.000000
-9043.000000
-407.000000
7682.000000
13147.000000
14303.000000
13332.000000
9701.000000
3446.000000
-1558.000000
-7062.000000
-11775.000000
-15254.000000
-16185.000000
-14200.000000
-10076.000000
-5534.000000
-3347.000000
-2889.000000
-2727.000000
-3198.000000
-4454.000000
-6868.000000
-9676.000000
-12983.000000
-15631.000000
-16939.000000
-17376.000000
-17573.000000
-18508.000000
-19777.000000
-18917.000000
-18404.000000
-18465.000000
-18115.000000
-18733.000000
-18880.000000
-19731.000000
-18969.000000
-18650.000000
-19485.000000
-20195.000000
-18845.000000
-16548.000000
-11191.000000
-5027.000000
1833.000000
9068.000000
14946.000000
17843.000000
16804.000000
11019.000000
492.000000
-11418.000000
-17766.000000
-11767.000000
2372.000000
13661.000000
17077.000000
14665.000000
9893.000000
1951.000000
-6298.000000
-12474.000000
-16242.000000
-18462.000000
-20075.000000
-19840.000000
-18287.000000
-16358.000000
-13954.000000
-13198.000000
-11026.000000
-6012.000000
3001.000000
12611.000000
18495.000000
19225.000000
16629.000000
10855.000000
3810.000000
-2540.000000
-9204.000000
-14229.000000
-18012.000000
-18356.000000
-13089.000000
-2472.000000
10401.000000
18596.000000
19319.000000
14916.000000
9969.000000
4762.000000
-1979.000000
-9270.000000
-15125.000000
-18346.000000
-18979.000000
-18654.000000
-16862.000000
-13305.000000
-8264.000000
-5037.000000
-4906.000000
-2346.000000
3352.000000
12088.000000
18140.000000
15908.000000
8336.000000
643.000000
-4873.000000
-8583.000000
-13378.000000
-17744.000000
-16503.000000
-8817.000000
4230.000000
14553.000000
16102.000000
3658.000000
-11668.000000
-17796.000000
-16670.000000
-13115.000000
-9772.000000
-5208.000000
2064.000000
8674.000000
12047.000000
11395.000000
7791.000000
3058.000000
-2010.000000
-6289.000000
-11279.000000
-15303.000000
-15758.000000
-15838.000000
-16317.000000
-17675.000000
-17802.000000
-16687.000000
-15801.000000
-15226.000000
-14313.000000
-10197.000000
-445.000000
11927.000000
16753.000000
9415.000000
-5786.000000
-15412.000000
-9342.000000
6116.000000
15312.000000
9618.000000
-5103.000000
-17007.000000
-17741.000000
-9431.000000
2519.000000
12989.000000
16749.000000
16327.000000
14716.000000
13087.000000
11926.000000
12602.000000
14067.000000
14124.000000
11327.000000
6532.000000
2094.000000
-1979.000000
-5700.000000
-9625.000000
-13065.000000
-15262.000000
-16552.000000
-17552.000000
-18441.000000
-16922.000000
-13643.000000
-10469.000000
-6173.000000
-764.000000
6405.000000
14330.000000
18692.000000
13758.000000
2662.000000
-7772.000000
-13673.000000
-16984.000000
-18302.000000
-18302.000000
-18306.000000
-18703.000000
-19273.000000
-19649.000000
-18946.000000
-18394.000000
-17860.000000
-18243.000000
-18480.000000
-18942.000000
-18821.000000
-18302.000000
-17746.000000
-17644.000000
-18552.000000
-19060.000000
-18751.000000
-15698.000000
-8585.000000
450.000000
10614.000000
17684.000000
18154.000000
11505.000000
2673.000000
-4329.000000
-9501.000000
-12776.000000
-15874.000000
-18483.000000
-19879.000000
-19625.000000
-18227.000000
-16978.000000
-17186.000000
-16675.000000
-15273.000000
-14204.000000
-13234.000000
-10893.000000
-3965.000000
8134.000000
13768.000000
3487.000000
-10897.000000
-18753.000000
-16667.000000
-5636.000000
8548.000000
12208.000000
-2253.000000
-14716.000000
-7679.000000
8726.000000
12962.000000
-1468.000000
-15418.000000
-18152.000000
-14066.000000
-9495.000000
-4848.000000
849.000000
7019.000000
12229.000000
13372.000000
10196.000000
2705.000000
-5172.000000
-10708.000000
-13199.000000
-14746.000000
-15554.000000
-16219.000000
-16087.000000
-9913.000000
1745.000000
13395.000000
19777.000000
20251.000000
16395.000000
7904.000000
-3777.000000
-13901.000000
-18427.000000
-15479.000000
-7896.000000
4320.000000
15577.000000
17887.000000
15022.000000
10570.000000
8572.000000
6588.000000
4889.000000
6179.000000
9512.000000
13750.000000
16016.000000
14235.000000
7695.000000
-3925.000000
-13948.000000
-18986.000000
-20224.000000
-19131.000000
-13189.000000
904.000000
12029.000000
2240.000000
-11523.000000
-5876.000000
9598.000000
11821.000000
-3427.000000
-15346.000000
-9239.000000
4687.000000
15238.000000
16103.000000
1645.000000
-13586.000000
-11575.000000
87.000000
9269.000000
13638.000000
15217.000000
16023.000000
18035.000000
18865.000000
18385.000000
19157.000000
20258.000000
19795.000000
19042.000000
18406.000000
17147.000000
16907.000000
16202.000000
14142.000000
8721.000000
-1313.000000
-13093.000000
-19047.000000
-18995.000000
-17013.000000
-15383.000000
-11240.000000
-7188.000000
-3996.000000
-1937.000000
-267.000000
2296.000000
5901.000000
9291.000000
11847.000000
13716.000000
15600.000000
18688.000000
19530.000000
18649.000000
17981.000000
18333.000000
18310.000000
14938.000000
7858.000000
-2572.000000
-12274.000000
-16239.000000
-13046.000000
-1517.000000
11618.000000
16295.000000
10905.000000
1329.000000
-7093.000000
-13954.000000
-17334.000000
-15123.000000
-7751.000000
-620.000000
2576.000000
2714.000000
1224.000000
-259.000000
-2339.000000
-4208.000000
-7122.000000
-9999.000000
-9992.000000
-3259.000000
8990.000000
17743.000000
19987.000000
19428.000000
19252.000000
18747.000000
13101.000000
-386.000000
-12278.000000
-7442.000000
8555.000000
13230.000000
-998.000000
-12701.000000
-2818.000000
12872.000000
16186.000000
7393.000000
-6580.000000
-16600.000000
-13625.000000
-1307.000000
9784.000000
15429.000000
16649.000000
18258.000000
19242.000000
19360.000000
18498.000000
18073.000000
18068.000000
18467.000000
13692.000000
2428.000000
-10561.000000
-18378.000000
-19254.000000
-16333.000000
-10454.000000
-487.000000
11068.000000
15385.000000
5108.000000
-10137.000000
-16233.000000
-6806.000000
9362.000000
15826.000000
10865.000000
2399.000000
-3970.000000
-6962.000000
-10573.000000
-12844.000000
-13306.000000
-11334.000000
-6988.000000
-3485.000000
-933.000000
2045.000000
6342.000000
11207.000000
13614.000000
13979.000000
12139.000000
6460.000000
-1775.000000
-9780.000000
-15584.000000
-18290.000000
-15199.000000
-7257.000000
2858.000000
11096.000000
16913.000000
18348.000000
13634.000000
4276.000000
-6816.000000
-15288.000000
-18727.000000
-19431.000000
-19620.000000
-18840.000000
-17746.000000
-15905.000000
-12160.000000
-7670.000000
-3079.000000
239.000000
59.000000
-4296.000000
-9894.000000
-14861.000000
-17910.000000
-18691.000000
-13744.000000
1259.000000
11497.000000
3041.000000
-11659.000000
-8658.000000
7114.000000
9465.000000
-5235.000000
-14747.000000
-4614.000000
10326.000000
12094.000000
-2034.000000
-15258.000000
-14350.000000
-410.000000
13776.000000
19182.000000
15663.000000
8828.000000
2353.000000
-1896.000000
-3995.000000
-6294.000000
-9077.000000
-12736.000000
-17607.000000
-19705.000000
-16821.000000
-11239.000000
-4133.000000
5421.000000
14705.000000
14167.000000
920.000000
-14030.000000
-14958.000000
-1544.000000
13149.000000
17503.000000
9606.000000
-4149.000000
-15269.000000
-15736.000000
-4430.000000
8648.000000
16901.000000
16892.000000
10168.000000
1737.000000
-4358.000000
-6945.000000
-7286.000000
-7885.000000
-9996.000000
-10935.000000
-9121.000000
-4914.000000
-33.000000
2713.000000
4666.000000
6997.000000
9577.000000
11438.000000
14263.000000
13853.000000
8827.000000
-3078.000000
-15553.000000
-19959.000000
-17511.000000
-14030.000000
-11384.000000
-6585.000000
3542.000000
14730.000000
15748.000000
3494.000000
-10612.000000
-17055.000000
-13449.000000
-1804.000000
10665.000000
17073.000000
15331.000000
9347.000000
1216.000000
-8608.000000
-16229.000000
-18753.000000
-18407.000000
-15721.000000
-11065.000000
-5274.000000
1733.000000
7915.000000
12924.000000
16660.000000
18882.000000
18522.000000
15765.000000
12621.000000
9697.000000
6326.000000
3940.000000
3156.000000
3485.000000
2851.000000
-1305.000000
-7188.000000
-14004.000000
-17615.000000
-18534.000000
-19067.000000
-18062.000000
-12453.000000
-1049.000000
10724.000000
16621.000000
14434.000000
4954.000000
-5777.000000
-14635.000000
-17384.000000
-15729.000000
-7793.000000
4319.000000
14548.000000
16573.000000
8071.000000
-5512.000000
-15753.000000
-17355.000000
-13199.000000
-6986.000000
-467.000000
7167.000000
13714.000000
17453.000000
19333.000000
19363.000000
19105.000000
19089.000000
18402.000000
16320.000000
13570.000000
10791.000000
8664.000000
7668.000000
8901.000000
10235.000000
8499.000000
5046.000000
522.000000
-3108.000000
-6127.000000
-8598.000000
-9884.000000
-9906.000000
-8165.000000
-3571.000000
4129.000000
12359.000000
18789.000000
19372.000000
13032.000000
2077.000000
-9524.000000
-17240.000000
-16007.000000
-7675.000000
3629.000000
14017.000000
18228.000000
16568.000000
10737.000000
1410.000000
-7691.000000
-14679.000000
-18565.000000
-18943.000000
-16578.000000
-14811.000000
-14571.000000
-14228.000000
-14490.000000
-15070.000000
-16093.000000
-17004.000000
-17946.000000
-17537.000000
-18203.000000
-17875.000000
-18173.000000
-18553.000000
-19087.000000
-19020.000000
-13806.000000
-2041.000000
11322.000000
10448.000000
-3448.000000
-15459.000000
-13511.000000
1141.000000
12966.000000
6203.000000
-10386.000000
-9556.000000
7172.000000
10395.000000
-4171.000000
-9260.000000
5480.000000
16630.000000
15800.000000
8018.000000
-1170.000000
-10333.000000
-15383.000000
-18103.000000
-19067.000000
-18555.000000
-17280.000000
-13521.000000
-10208.000000
-6286.000000
-596.000000
5716.000000
10905.000000
10846.000000
5128.000000
-5591.000000
-15664.000000
-19413.000000
-19493.000000
-18962.000000
-18997.000000
-17426.000000
-8871.000000
4480.000000
15201.000000
17765.000000
11580.000000
108.000000
-11907.000000
-18130.000000
-17104.000000
-10879.000000
-458.000000
9298.000000
15942.000000
18130.000000
17090.000000
11349.000000
3080.000000
-5552.000000
-12308.000000
-16501.000000
-18411.000000
-16905.000000
-11790.000000
-3340.000000
4217.000000
10997.000000
17095.000000
19442.000000
19841.000000
19602.000000
19111.000000
18657.000000
17750.000000
15783.000000
9611.000000
624.000000
-8126.000000
-13774.000000
-17292.000000
-17673.000000
-12351.000000
208.000000
13269.000000
14462.000000
4327.000000
-8670.000000
-16386.000000
-15299.000000
-7112.000000
1399.000000
5568.000000
6808.000000
8901.000000
13524.000000
18418.000000
19048.000000
16600.000000
14539.000000
14460.000000
16397.000000
18023.000000
17039.000000
13704.000000
8874.000000
3581.000000
1802.000000
2038.000000
7078.000000
12197.000000
15193.000000
15179.000000
14053.000000
14608.000000
17346.000000
17334.000000
7637.000000
-8067.000000
-16827.000000
-14889.000000
-5428.000000
5832.000000
15526.000000
19554.000000
16932.000000
10341.000000
1434.000000
-8044.000000
-15630.000000
-15194.000000
-7437.000000
982.000000
9602.000000
15706.000000
19229.000000
19951.000000
19416.000000
19784.000000
19664.000000
18612.000000
15981.000000
12980.000000
9959.000000
6832.000000
380.000000
-6562.000000
-11967.000000
-15885.000000
-17638.000000
-17246.000000
-15917.000000
-16436.000000
-17361.000000
-19071.000000
-19472.000000
-18726.000000
-17253.000000
-13383.000000
-7268.000000
-3357.000000
-1144.000000
65.000000
244.000000
-1232.000000
-5792.000000
-14473.000000
-18967.000000
-14659.000000
-6181.000000
51.000000
6759.000000
14702.000000
16343.000000
4261.000000
-12002.000000
-13558.000000
367.000000
13087.000000
8886.000000
-6736.000000
-16727.000000
-15096.000000
-6168.000000
4340.000000
12124.000000
16887.000000
17286.000000
14454.000000
12211.000000
12494.000000
14433.000000
16096.000000
16991.000000
17168.000000
16838.000000
16174.000000
16101.000000
16781.000000
18060.000000
18764.000000
18278.000000
17880.000000
14741.000000
10277.000000
7590.000000
8247.000000
10896.000000
14223.000000
16796.000000
18172.000000
18072.000000
15582.000000
8845.000000
-7.000000
-9116.000000
-15937.000000
-17890.000000
-13949.000000
-7598.000000
-111.000000
7551.000000
13609.000000
17017.000000
17390.000000
18408.000000
19319.000000
19416.000000
19981.000000
19804.000000
19323.000000
18577.000000
17612.000000
16128.000000
14053.000000
12152.000000
10367.000000
8790.000000
8048.000000
6539.000000
6910.000000
8580.000000
12373.000000
16021.000000
18685.000000
19703.000000
17519.000000
10999.000000
-197.000000
-11216.000000
-17060.000000
-16808.000000
-14629.000000
-13337.000000
-12045.000000
-9772.000000
-6407.000000
-1903.000000
4226.000000
7873.000000
10550.000000
12703.000000
16137.000000
19083.000000
19272.000000
17353.000000
13717.000000
8727.000000
281.000000
-9773.000000
-16366.000000
-18070.000000
-16131.000000
-12111.000000
-4191.000000
5964.000000
14896.000000
19339.000000
16048.000000
6306.000000
-3221.000000
-8387.000000
-9454.000000
-10392.000000
-11740.000000
-14024.000000
-14516.000000
-12670.000000
-6164.000000
1571.000000
8254.000000
12514.000000
14287.000000
12535.000000
7213.000000
952.000000
-3822.000000
-4456.000000
-2793.000000
-773.000000
-230.000000
-3715.000000
-8389.000000
-11831.000000
-12050.000000
-6743.000000
5321.000000
15773.000000
15059.000000
4647.000000
-8987.000000
-16234.000000
-8576.000000
7162.000000
17195.000000
15613.000000
4814.000000
-9139.000000
-15240.000000
-7291.000000
6039.000000
14768.000000
17046.000000
15544.000000
16611.000000
18688.000000
19491.000000
17936.000000
15406.000000
12377.000000
6702.000000
131.000000
-6953.000000
-10772.000000
-12713.000000
-12658.000000
-12452.000000
-13369.000000
-16873.000000
-19511.000000
-16875.000000
-11783.000000
-6966.000000
-2073.000000
2765.000000
8356.000000
12090.000000
12735.000000
10575.000000
8093.000000
7857.000000
10687.000000
13793.000000
14290.000000
9969.000000
3955.000000
-1790.000000
-4536.000000
-5748.000000
-5540.000000
-4338.000000
-2137.000000
3123.000000
10998.000000
17718.000000
19465.000000
16798.000000
12302.000000
7935.000000
3135.000000
-2925.000000
-10488.000000
-16536.000000
-19224.000000
-17456.000000
-12915.000000
-5925.000000
2706.000000
9901.000000
14449.000000
17166.000000
18493.000000
18849.000000
18867.000000
18010.000000
16724.000000
15929.000000
13713.000000
9126.000000
2866.000000
-4075.000000
-10837.000000
-16302.000000
-18520.000000
-16638.000000
-10363.000000
-1132.000000
8606.000000
15293.000000
18129.000000
17284.000000
11708.000000
4677.000000
876.000000
3240.000000
8914.000000
13965.000000
17611.000000
18011.000000
17153.000000
15349.000000
10934.000000
3671.000000
-4976.000000
-11373.000000
-14911.000000
-11826.000000
-1900.000000
9642.000000
15799.000000
17808.000000
18116.000000
19017.000000
19119.000000
19246.000000
18994.000000
18104.000000
18107.000000
15730.000000
9488.000000
-1169.000000
-10984.000000
-15856.000000
-18033.000000
-18400.000000
-18261.000000
-17089.000000
-15413.000000
-15785.000000
-16237.000000
-15064.000000
-11753.000000
-4874.000000
2496.000000
8004.000000
10754.000000
12589.000000
15269.000000
17292.000000
19078.000000
18814.000000
16279.000000
11592.000000
5365.000000
-1333.000000
-8030.000000
-12728.000000
-16689.000000
-18364.000000
-18240.000000
-16499.000000
-13222.000000
-10361.000000
-7185.000000
-4508.000000
-2937.000000
-1880.000000
-2089.000000
-1708.000000
463.000000
1627.000000
2791.000000
4296.000000
9342.000000
14862.000000
18252.000000
18277.000000
14389.000000
6580.000000
-4678.000000
-14282.000000
-18193.000000
-16660.000000
-10450.000000
-620.000000
7634.000000
13159.000000
15184.000000
16286.000000
17828.000000
19567.000000
19616.000000
19259.000000
18865.000000
18528.000000
18280.000000
18342.000000
18858.000000
18580.000000
16779.000000
13333.000000
9794.000000
9621.000000
12652.000000
16127.000000
19144.000000
20378.000000
20400.000000
19955.000000
19332.000000
16691.000000
12169.000000
7288.000000
818.000000
-6001.000000
-12625.000000
-17385.000000
-18357.000000
-17908.000000
-17341.000000
-17618.000000
-18813.000000
-18382.000000
-15548.000000
-12221.000000
-6627.000000
-2801.000000
-1857.000000
-1948.000000
-3210.000000
-4932.000000
-8018.000000
-9650.000000
-12262.000000
-14715.000000
-15713.000000
-16973.000000
-16851.000000
-16588.000000
-15274.000000
-13244.000000
-10990.000000
-10671.000000
-11434.000000
-12490.000000
-13606.000000
-14188.000000
-16152.000000
-17821.000000
-19626.000000
-20643.000000
-20666.000000
-19483.000000
-19116.000000
-19935.000000
-20377.000000
-19457.000000
-17047.000000
-12115.000000
-6180.000000
-907.000000
3633.000000
6684.000000
8451.000000
9030.000000
8423.000000
5674.000000
1294.000000
155.000000
2260.000000
5945.000000
8087.000000
7501.000000
6550.000000
4866.000000
5185.000000
5601.000000
3316.000000
-1499.000000
-7163.000000
-11015.000000
-12089.000000
-11358.000000
-12443.000000
-14986.000000
-15016.000000
-11869.000000
-7400.000000
-2887.000000
673.000000
4657.000000
6682.000000
6758.000000
4804.000000
2254.000000
257.000000
-1775.000000
-3292.000000
-4102.000000
-5910.000000
-7117.000000
-6885.000000
-6492.000000
-5865.000000
-6726.000000
-11123.000000
-16192.000000
-19401.000000
-19039.000000
-18177.000000
-18190.000000
-15871.000000
-13395.000000
-11885.000000
-10236.000000
-7416.000000
-1888.000000
4646.000000
9912.000000
13164.000000
14293.000000
15497.000000
15964.000000
14679.000000
12077.000000
12454.000000
15521.000000
18278.000000
17058.000000
13872.000000
11433.000000
11207.000000
11099.000000
10647.000000
7733.000000
4780.000000
3454.000000
2364.000000
-1913.000000
-9452.000000
-16268.000000
-18626.000000
-18237.000000
-15369.000000
-10067.000000
-6514.000000
-6011.000000
-7954.000000
-10283.000000
-10683.000000
-10582.000000
-10498.000000
-10352.000000
-12237.000000
-15966.000000
-18705.000000
-19824.000000
-19315.000000
-15050.000000
-6459.000000
5165.000000
14655.000000
17285.000000
16906.000000
15009.000000
13327.000000
11075.000000
9485.000000
10635.000000
13119.000000
15632.000000
17172.000000
18008.000000
18278.000000
16968.000000
13877.000000
9930.000000
3948.000000
-2117.000000
-8179.000000
-13056.000000
-14809.000000
-14044.000000
-13470.000000
-14092.000000
-15303.000000
-16871.000000
-17499.000000
-17462.000000
-18426.000000
-16850.000000
-13950.000000
-10564.000000
-7969.000000
-5768.000000
-3839.000000
676.000000
7141.000000
12488.000000
13403.000000
8245.000000
-225.000000
-8102.000000
-12886.000000
-15128.000000
-15408.000000
-14550.000000
-15302.000000
-14386.000000
-12085.000000
-6981.000000
-336.000000
3774.000000
5212.000000
6746.000000
11916.000000
17800.000000
17650.000000
9178.000000
-4958.000000
-14357.000000
-13729.000000
-2407.000000
11830.000000
18537.000000
15284.000000
5866.000000
-4819.000000
-13543.000000
-18236.000000
-18561.000000
-15762.000000
-13480.000000
-13035.000000
-14379.000000
-16602.000000
-17609.000000
-17418.000000
-17122.000000
-16706.000000
-16576.000000
-16265.000000
-15034.000000
-12887.000000
-9452.000000
-4807.000000
1674.000000
7704.000000
10929.000000
12174.000000
12476.000000
12314.000000
10779.000000
9289.000000
8227.000000
6643.000000
3670.000000
-497.000000
-4959.000000
-7750.000000
-10011.000000
-11079.000000
-11579.000000
-11532.000000
-9974.000000
-6514.000000
487.000000
8594.000000
13787.000000
15314.000000
15065.000000
13288.000000
10281.000000
5371.000000
-122.000000
-6222.000000
-12024.000000
-15170.000000
-16174.000000
-17040.000000
-17825.000000
-17608.000000
-17266.000000
-17700.000000
-17989.000000
-17927.000000
-18059.000000
-16626.000000
-14107.000000
-9412.000000
-1721.000000
5924.000000
12550.000000
16392.000000
17821.000000
17959.000000
17865.000000
17981.000000
17425.000000
17177.000000
17218.000000
17788.000000
17807.000000
17321.000000
16277.000000
16839.000000
18263.000000
17607.000000
14622.000000
9822.000000
7848.000000
7388.000000
8320.000000
7811.000000
4034.000000
-1907.000000
-7347.000000
-11639.000000
-14065.000000
-14317.000000
-15055.000000
-16496.000000
-17055.000000
-16291.000000
-15289.000000
-14506.000000
-13798.000000
-13225.000000
-12811.000000
-13088.000000
-13629.000000
-14002.000000
-13631.000000
-11943.000000
-9431.000000
-8159.000000
-5478.000000
-2418.000000
1367.000000
4855.000000
7824.000000
9155.000000
8645.000000
7539.000000
7840.000000
9344.000000
9592.000000
7391.000000
4606.000000
2634.000000
3455.000000
5238.000000
8218.000000
13348.000000
18521.000000
19607.000000
17871.000000
15599.000000
11361.000000
6923.000000
-37.000000
-7782.000000
-13270.000000
-17086.000000
-18178.000000
-18109.000000
-18662.000000
-19130.000000
-19281.000000
-18941.000000
-18265.000000
-17797.000000
-18581.000000
-18883.000000
-19044.000000
-19518.000000
-19212.000000
-18251.000000
-16368.000000
-14147.000000
-11809.000000
-11750.000000
-12557.000000
-15221.000000
-17404.000000
-18817.000000
-17457.000000
-11955.000000
-2220.000000
7709.000000
15131.000000
18020.000000
15740.000000
9141.000000
-2142.000000
-12337.000000
-17689.000000
-18938.000000
-18454.000000
-18290.000000
-17448.000000
-16600.000000
-14061.000000
-11223.000000
-8380.000000
-4769.000000
-1294.000000
3235.000000
8132.000000
9306.000000
7845.000000
4123.000000
1800.000000
4089.000000
10052.000000
17486.000000
20346.000000
18141.000000
13828.000000
7759.000000
1185.000000
-6016.000000
-12578.000000
-16675.000000
-18288.000000
-18472.000000
-18323.000000
-17203.000000
-15297.000000
-14353.000000
-14842.000000
-16700.000000
-18108.000000
-19083.000000
-19565.000000
-18901.000000
-17958.000000
-15833.000000
-12908.000000
-7303.000000
1780.000000
10709.000000
16951.000000
19089.000000
19363.000000
16840.000000
10854.000000
2167.000000
-6767.000000
-13577.000000
-17686.000000
-16656.000000
-12110.000000
-5158.000000
1471.000000
5956.000000
10145.000000
12708.000000
13213.000000
13016.000000
11546.000000
9459.000000
8396.000000
5850.000000
2567.000000
-892.000000
-3450.000000
-5053.000000
-4226.000000
-4321.000000
-5740.000000
-6021.000000
-5668.000000
-3836.000000
-2406.000000
-3503.000000
-6737.000000
-10503.000000
-13262.000000
-15111.000000
-15531.000000
-15933.000000
-15417.000000
-15239.000000
-15981.000000
-16265.000000
-15998.000000
-15066.000000
-14175.000000
-13997.000000
-12964.000000
-12306.000000
-10483.000000
-8926.000000
-7735.000000
-6291.000000
-6349.000000
-5922.000000
-6898.000000
-7123.000000
-7671.000000
-8254.000000
-9583.000000
-10308.000000
-11935.000000
-14934.000000
-17007.000000
-19039.000000
-19728.000000
-20235.000000
-20252.000000
-19021.000000
-18212.000000
-15921.000000
-13630.000000
-8971.000000
-1650.000000
8005.000000
15810.000000
17144.000000
11686.000000
2015.000000
-6875.000000
-14265.000000
-17628.000000
-17967.000000
-15460.000000
-11835.000000
-6586.000000
-814.000000
4173.000000
8649.000000
11831.000000
13596.000000
14505.000000
15777.000000
15720.000000
16213.000000
15839.000000
14406.000000
12918.000000
12303.000000
10573.000000
8063.000000
4993.000000
480.000000
-4528.000000
-9234.000000
-11916.000000
-13636.000000
-14134.000000
-14306.000000
-14102.000000
-13812.000000
-14030.000000
-14322.000000
-15761.000000
-15738.000000
-16789.000000
-17161.000000
-16993.000000
-17475.000000
-17803.000000
-18578.000000
-18775.000000
-18938.000000
-18673.000000
-18759.000000
-18450.000000
-18360.000000
-18165.000000
-16011.000000
-12752.000000
-9898.000000
-7774.000000
-4460.000000
-1326.000000
2265.000000
5430.000000
9458.000000
14189.000000
18095.000000
18944.000000
16742.000000
9147.000000
-2124.000000
-12502.000000
-17717.000000
-18630.000000
-17438.000000
-12731.000000
-3598.000000
6088.000000
13148.000000
16958.000000
18421.000000
18273.000000
18374.000000
18388.000000
16931.000000
16128.000000
14101.000000
11269.000000
9083.000000
7630.000000
6925.000000
7094.000000
8174.000000
10141.000000
13137.000000
15264.000000
16029.000000
16337.000000
15821.000000
14296.000000
12225.000000
10690.000000
7083.000000
311.000000
-7815.000000
-14625.000000
-18683.000000
-19759.000000
-15971.000000
-6738.000000
5975.000000
15635.000000
18659.000000
17893.000000
14498.000000
8125.000000
-873.000000
-9888.000000
-16375.000000
-19077.000000
-17376.000000
-11201.000000
-1421.000000
8122.000000
13754.000000
16749.000000
17278.000000
17579.000000
17414.000000
18909.000000
19110.000000
17791.000000
14374.000000
8949.000000
3117.000000
-3342.000000
-9675.000000
-13274.000000
-15321.000000
-15907.000000
-17294.000000
-18713.000000
-18804.000000
-19067.000000
-17769.000000
-16891.000000
-17478.000000
-18748.000000
-19132.000000
-18488.000000
-18712.000000
-19068.000000
-18915.000000
-18128.000000
-15070.000000
-8793.000000
-1500.000000
4491.000000
6909.000000
7756.000000
9823.000000
13137.000000
16523.000000
19213.000000
18742.000000
16120.000000
10288.000000
2311.000000
-5138.000000
-12347.000000
-16605.000000
-18175.000000
-18572.000000
-17242.000000
-16571.000000
-15255.000000
-14235.000000
-13939.000000
-12945.000000
-10999.000000
-8314.000000
-5961.000000
-3240.000000
934.000000
5537.000000
10369.000000
14070.000000
17174.000000
19760.000000
19757.000000
17687.000000
13828.000000
8699.000000
3161.000000
-2598.000000
-4898.000000
-4616.000000
-3239.000000
-5051.000000
-9754.000000
-14954.000000
-17893.000000
-18263.000000
-18513.000000
-19164.000000
-18309.000000
-17976.000000
-17700.000000
-17720.000000
-18163.000000
-18444.000000
-17913.000000
-16014.000000
-14442.000000
-12343.000000
-9028.000000
-5186.000000
-163.000000
4896.000000
10183.000000
16411.000000
20203.000000
18802.000000
13391.000000
6723.000000
825.000000
-6683.000000
-13864.000000
-18113.000000
-16226.000000
-8485.000000
2861.000000
12274.000000
16973.000000
15625.000000
7950.000000
-4885.000000
-15008.000000
-14218.000000
-6283.000000
3104.000000
9621.000000
13681.000000
16724.000000
18571.000000
18926.000000
18140.000000
16046.000000
12199.000000
5435.000000
-1189.000000
-6050.000000
-7952.000000
-8525.000000
-9371.000000
-11080.000000
-12671.000000
-14311.000000
-16759.000000
-18110.000000
-18848.000000
-19851.000000
-20503.000000
-20534.000000
-19632.000000
-16322.000000
-11087.000000
-5704.000000
955.000000
7687.000000
12982.000000
16759.000000
18439.000000
18907.000000
19496.000000
19323.000000
19016.000000
18376.000000
17923.000000
18239.000000
18727.000000
19333.000000
20020.000000
20258.000000
20073.000000
20172.000000
19808.000000
19504.000000
18680.000000
18177.000000
18485.000000
18699.000000
17881.000000
17658.000000
18491.000000
19526.000000
18755.000000
17900.000000
17224.000000
15509.000000
11872.000000
6210.000000
-1479.000000
-8815.000000
-14935.000000
-18518.000000
-19818.000000
-17173.000000
-11173.000000
-4585.000000
-548.000000
2529.000000
7931.000000
13244.000000
17049.000000
18790.000000
14066.000000
5142.000000
-3552.000000
-9752.000000
-14256.000000
-17006.000000
-18587.000000
-18842.000000
-17427.000000
-15903.000000
-14160.000000
-11073.000000
-6285.000000
508.000000
5261.000000
8440.000000
11661.000000
14341.000000
17484.000000
18841.000000
18994.000000
17013.000000
15911.000000
15221.000000
15273.000000
15861.000000
15878.000000
16673.000000
17428.000000
17610.000000
18085.000000
18566.000000
18737.000000
18926.000000
19154.000000
18934.000000
18825.000000
17123.000000
14843.000000
12027.000000
8568.000000
4222.000000
-1567.000000
-8068.000000
-14284.000000
-18157.000000
-15239.000000
-5518.000000
7588.000000
15219.000000
10445.000000
-3466.000000
-15424.000000
-19277.000000
-16866.000000
-9159.000000
2412.000000
12743.000000
17437.000000
18758.000000
19243.000000
19534.000000
19730.000000
19124.000000
18680.000000
18398.000000
18304.000000
18383.000000
18222.000000
17337.000000
15748.000000
15362.000000
15695.000000
16750.000000
17822.000000
18191.000000
18081.000000
15908.000000
9940.000000
959.000000
-8191.000000
-15196.000000
-18988.000000
-17970.000000
-11611.000000
-2539.000000
5637.000000
12663.000000
17345.000000
19323.000000
16419.000000
12262.000000
8220.000000
5783.000000
4544.000000
2256.000000
-522.000000
-2685.000000
-3922.000000
-5229.000000
-7882.000000
-13656.000000
-18628.000000
-17770.000000
-12302.000000
-7269.000000
-3867.000000
951.000000
8078.000000
14802.000000
16880.000000
11725.000000
729.000000
-11708.000000
-17004.000000
-10988.000000
1356.000000
12085.000000
17287.000000
15891.000000
9603.000000
1098.000000
-6520.000000
-12510.000000
-16772.000000
-19320.000000
-19241.000000
-19535.000000
-19721.000000
-19640.000000
-18731.000000
-18292.000000
-18329.000000
-18889.000000
-18780.000000
-18872.000000
-16538.000000
-14354.000000
-14117.000000
-15093.000000
-15555.000000
-14227.000000
-12542.000000
-8575.000000
-4875.000000
419.000000
7863.000000
14898.000000
18758.000000
16181.000000
10312.000000
5523.000000
2477.000000
-1381.000000
-7548.000000
-14088.000000
-18059.000000
-18663.000000
-19282.000000
-18154.000000
-15309.000000
-12175.000000
-9544.000000
-8644.000000
-6265.000000
-2603.000000
474.000000
78.000000
-3419.000000
-6722.000000
-7364.000000
-3669.000000
3115.000000
7614.000000
6612.000000
-340.000000
-10914.000000
-17537.000000
-17755.000000
-10144.000000
3350.000000
14252.000000
15873.000000
6701.000000
-6273.000000
-15426.000000
-16322.000000
-8191.000000
5500.000000
15524.000000
15459.000000
9633.000000
5296.000000
4168.000000
2871.000000
-1716.000000
-9506.000000
-15369.000000
-18161.000000
-19603.000000
-20413.000000
-19503.000000
-17191.000000
-15828.000000
-16769.000000
-17211.000000
-15417.000000
-13732.000000
-13656.000000
-14324.000000
-14658.000000
-14143.000000
-11902.000000
-7773.000000
-3666.000000
-398.000000
2596.000000
6074.000000
10114.000000
12675.000000
14719.000000
16220.000000
17008.000000
17904.000000
17546.000000
17261.000000
17496.000000
17203.000000
17768.000000
17775.000000
15253.000000
10043.000000
324.000000
-10934.000000
-17194.000000
-14522.000000
-5896.000000
4900.000000
13612.000000
18690.000000
17493.000000
8854.000000
-3892.000000
-14250.000000
-15978.000000
-7296.000000
7395.000000
15738.000000
9517.000000
-2729.000000
-12301.000000
-16587.000000
-18059.000000
-15032.000000
-6828.000000
3457.000000
11027.000000
16650.000000
19459.000000
19492.000000
14763.000000
8925.000000
5002.000000
1837.000000
-4694.000000
-12996.000000
-17563.000000
-13078.000000
-2720.000000
7314.000000
14889.000000
18519.000000
18430.000000
15633.000000
10049.000000
2031.000000
-7604.000000
-15630.000000
-19294.000000
-16021.000000
-7496.000000
2895.000000
12158.000000
16899.000000
18492.000000
18995.000000
19420.000000
18937.000000
18865.000000
18191.000000
18417.000000
18253.000000
16778.000000
15918.000000
16660.000000
17852.000000
17601.000000
16332.000000
13613.000000
7817.000000
1864.000000
-3648.000000
-9084.000000
-14971.000000
-19446.000000
-20714.000000
-19859.000000
-17503.000000
-12928.000000
-7644.000000
345.000000
8813.000000
16091.000000
18883.000000
16662.000000
10463.000000
2955.000000
-3021.000000
-9012.000000
-15005.000000
-19206.000000
-20550.000000
-20100.000000
-18605.000000
-16707.000000
-11642.000000
-5058.000000
2434.000000
10227.000000
16060.000000
17978.000000
13287.000000
2946.000000
-7933.000000
-15562.000000
-17647.000000
-12159.000000
-1177.000000
8704.000000
15127.000000
18588.000000
16861.000000
11085.000000
3081.000000
-5271.000000
-11868.000000
-16341.000000
-17153.000000
-18434.000000
-18710.000000
-18615.000000
-17927.000000
-15749.000000
-10947.000000
-3564.000000
3857.000000
10880.000000
14811.000000
15489.000000
11132.000000
4492.000000
-3439.000000
-9914.000000
-14087.000000
-16893.000000
-17684.000000
-17500.000000
-16591.000000
-15188.000000
-13183.000000
-12154.000000
-10663.000000
-9384.000000
-10075.000000
-12751.000000
-15873.000000
-17813.000000
-19732.000000
-20004.000000
-18686.000000
-13295.000000
-3188.000000
8812.000000
16836.000000
19457.000000
16340.000000
8471.000000
-169.000000
-8844.000000
-14560.000000
-18485.000000
-18831.000000
-15962.000000
-8847.000000
1167.000000
11801.000000
17481.000000
19349.000000
19485.000000
19638.000000
19898.000000
20049.000000
18753.000000
16824.000000
13276.000000
6524.000000
-1068.000000
-8247.000000
-12638.000000
-14990.000000
-12899.000000
-8128.000000
-1834.000000
3768.000000
9791.000000
14902.000000
16838.000000
14063.000000
8706.000000
1375.000000
-6339.000000
-12506.000000
-16923.000000
-17885.000000
-17959.000000
-17867.000000
-17446.000000
-17151.000000
-16876.000000
-18102.000000
-16612.000000
-9431.000000
1262.000000
11737.000000
16860.000000
16789.000000
11369.000000
-87.000000
-12799.000000
-14661.000000
-1496.000000
13801.000000
13448.000000
121.000000
-13450.000000
-13028.000000
1836.000000
15474.000000
17460.000000
6520.000000
-7981.000000
-17574.000000
-17602.000000
-11542.000000
-6736.000000
-5790.000000
-5000.000000
-2708.000000
1858.000000
8928.000000
16272.000000
19144.000000
19713.000000
19173.000000
17625.000000
16335.000000
14736.000000
11327.000000
6807.000000
1682.000000
-3377.000000
-7970.000000
-11751.000000
-16263.000000
-19082.000000
-17869.000000
-15679.000000
-11308.000000
-4308.000000
2433.000000
7099.000000
10446.000000
12378.000000
12125.000000
11014.000000
9260.000000
6335.000000
2455.000000
-2132.000000
-5237.000000
-8145.000000
-11087.000000
-13630.000000
-15005.000000
-15805.000000
-16609.000000
-18184.000000
-18812.000000
-18370.000000
-17831.000000
-17616.000000
-16652.000000
-15335.000000
-13022.000000
-8949.000000
-3737.000000
1950.000000
7849.000000
14517.000000
18068.000000
15007.000000
7381.000000
645.000000
-3475.000000
-5931.000000
-7951.000000
-9335.000000
-10229.000000
-10557.000000
-9917.000000
-9488.000000
-8838.000000
-9397.000000
-9646.000000
-10878.000000
-12597.000000
-14089.000000
-17018.000000
-20318.000000
-20767.000000
-17358.000000
-10934.000000
-2784.000000
5538.000000
12305.000000
17229.000000
18983.000000
18351.000000
18048.000000
17497.000000
17419.000000
15292.000000
10426.000000
4766.000000
1578.000000
3636.000000
6752.000000
8961.000000
10401.000000
11853.000000
13609.000000
15884.000000
16957.000000
15399.000000
10736.000000
3780.000000
-4064.000000
-10398.000000
-15663.000000
-19190.000000
-18746.000000
-11645.000000
2849.000000
13094.000000
10076.000000
-1449.000000
-11164.000000
-17168.000000
-19289.000000
-16964.000000
-12851.000000
-6752.000000
-198.000000
6578.000000
12260.000000
15668.000000
17998.000000
19025.000000
19150.000000
19401.000000
18632.000000
18421.000000
18102.000000
18058.000000
17733.000000
16661.000000
14823.000000
13079.000000
11028.000000
8020.000000
2223.000000
-6614.000000
-15052.000000
-18853.000000
-18769.000000
-18130.000000
-17688.000000
-17189.000000
-16385.000000
-13883.000000
-11597.000000
-11241.000000
-13785.000000
-16425.000000
-16572.000000
-13503.000000
-8425.000000
-2265.000000
4094.000000
10237.000000
15099.000000
16138.000000
16233.000000
15224.000000
15256.000000
16261.000000
14049.000000
9940.000000
7771.000000
9717.000000
14125.000000
17210.000000
19040.000000
19653.000000
19074.000000
16998.000000
11919.000000
7686.000000
3610.000000
-206.000000
-3036.000000
-6383.000000
-10043.000000
-13162.000000
-15332.000000
-16002.000000
-15832.000000
-15379.000000
-14754.000000
-15291.000000
-16676.000000
-18338.000000
-19484.000000
-19279.000000
-18700.000000
-15133.000000
-9430.000000
-2334.000000
2726.000000
6902.000000
10708.000000
14093.000000
15028.000000
14312.000000
12492.000000
13101.000000
16116.000000
18754.000000
18481.000000
16357.000000
15396.000000
16746.000000
18733.000000
19152.000000
19416.000000
18822.000000
18182.000000
17932.000000
17741.000000
18191.000000
19605.000000
19996.000000
18116.000000
17123.000000
16937.000000
14553.000000
7211.000000
-6078.000000
-15743.000000
-12475.000000
-1076.000000
8303.000000
13895.000000
17354.000000
17604.000000
12059.000000
4008.000000
-3503.000000
-11567.000000
-17589.000000
-15147.000000
-3211.000000
7920.000000
11157.000000
8143.000000
4408.000000
3577.000000
5043.000000
8121.000000
9041.000000
6970.000000
1531.000000
-6898.000000
-12501.000000
-14833.000000
-15004.000000
-13925.000000
-11254.000000
-7417.000000
-4448.000000
-4879.000000
-7809.000000
-11167.000000
-11239.000000
-8892.000000
-5558.000000
-3837.000000
-6591.000000
-13548.000000
-19365.000000
-19512.000000
-15246.000000
-8866.000000
-2260.000000
5771.000000
14157.000000
17907.000000
13932.000000
4495.000000
-5406.000000
-12239.000000
-15470.000000
-17715.000000
-19462.000000
-20181.000000
-20098.000000
-19470.000000
-18055.000000
-17098.000000
-15562.000000
-13924.000000
-11628.000000
-11901.000000
-12806.000000
-13481.000000
-14977.000000
-15428.000000
-15331.000000
-15397.000000
-16052.000000
-17131.000000
-17945.000000
-18492.000000
-18694.000000
-17662.000000
-17929.000000
-18373.000000
-18077.000000
-17268.000000
-14910.000000
-10506.000000
-5718.000000
-1434.000000
3038.000000
5554.000000
7490.000000
9860.000000
13499.000000
17704.000000
18986.000000
16081.000000
11281.000000
6128.000000
518.000000
-7127.000000
-15316.000000
-19194.000000
-17378.000000
-12552.000000
-5600.000000
2813.000000
9863.000000
15523.000000
18156.000000
18021.000000
18265.000000
19209.000000
18803.000000
16945.000000
10933.000000
1214.000000
-6149.000000
-7842.000000
-5778.000000
-3115.000000
-2860.000000
-4026.000000
-6283.000000
-7182.000000
-3686.000000
-247.000000
1131.000000
1136.000000
746.000000
3390.000000
7356.000000
10765.000000
10996.000000
7571.000000
3620.000000
942.000000
-17.000000
-563.000000
822.000000
2866.000000
5529.000000
7865.000000
9172.000000
11003.000000
12405.000000
12815.000000
14187.000000
15857.000000
16756.000000
16318.000000
16750.000000
16483.000000
14720.000000
11627.000000
7412.000000
1732.000000
-4812.000000
-10267.000000
-13542.000000
-15627.000000
-16256.000000
-15700.000000
-15458.000000
-15881.000000
-15782.000000
-14268.000000
-8695.000000
-615.000000
6800.000000
13178.000000
17445.000000
19619.000000
19606.000000
17769.000000
16517.000000
15701.000000
15920.000000
16478.000000
16698.000000
15816.000000
14224.000000
14281.000000
15539.000000
17215.000000
16194.000000
11179.000000
6104.000000
1864.000000
-2566.000000
-6470.000000
-10364.000000
-13600.000000
-14992.000000
-14717.000000
-12502.000000
-7636.000000
702.000000
10686.000000
17602.000000
14149.000000
1115.000000
-13012.000000
-15498.000000
-3893.000000
10548.000000
15862.000000
8153.000000
-5851.000000
-16250.000000
-17793.000000
-11056.000000
1319.000000
12697.000000
17976.000000
14798.000000
7460.000000
1428.000000
-3708.000000
-6859.000000
-9890.000000
-12634.000000
-13912.000000
-13765.000000
-12308.000000
-9853.000000
-7039.000000
-5153.000000
-2634.000000
-332.000000
1496.000000
4625.000000
7687.000000
10616.000000
11786.000000
13290.000000
14685.000000
16068.000000
15573.000000
12134.000000
8630.000000
4032.000000
-421.000000
-5721.000000
-10559.000000
-13021.000000
-15421.000000
-15891.000000
-17227.000000
-18363.000000
-18103.000000
-16980.000000
-15548.000000
-15052.000000
-15676.000000
-17333.000000
-18478.000000
-18969.000000
-16927.000000
-14203.000000
-10080.000000
-5454.000000
44.000000
5810.000000
11587.000000
16672.000000
17961.000000
11165.000000
-2538.000000
-14246.000000
-15465.000000
-6069.000000
8016.000000
15304.000000
6590.000000
-9498.000000
-12195.000000
1920.000000
13335.000000
3366.000000
-12604.000000
-9595.000000
6882.000000
16028.000000
8053.000000
-6983.000000
-16618.000000
-16952.000000
-11659.000000
-6554.000000
-4703.000000
-7946.000000
-12758.000000
-15720.000000
-15973.000000
-16173.000000
-15537.000000
-13133.000000
-6097.000000
3696.000000
11147.000000
15666.000000
15359.000000
11703.000000
5127.000000
-2571.000000
-7951.000000
-10846.000000
-12432.000000
-13652.000000
-14309.000000
-15211.000000
-16266.000000
-17173.000000
-17328.000000
-16766.000000
-15635.000000
-13836.000000
-13576.000000
-14949.000000
-16526.000000
-17435.000000
-18379.000000
-17914.000000
-17467.000000
-18023.000000
-18527.000000
-18585.000000
-18390.000000
-18004.000000
-16316.000000
-11962.000000
-3775.000000
5653.000000
13827.000000
18188.000000
16296.000000
8965.000000
-2090.000000
-12079.000000
-17231.000000
-17744.000000
-18082.000000
-19416.000000
-19141.000000
-14004.000000
-6810.000000
-2789.000000
-4324.000000
-10592.000000
-15479.000000
-13796.000000
-8215.000000
-1586.000000
6605.000000
12408.000000
10590.000000
3124.000000
-6267.000000
-12561.000000
-13869.000000
-8459.000000
1199.000000
8616.000000
12166.000000
11295.000000
8478.000000
6855.000000
6525.000000
9553.000000
12806.000000
14742.000000
15031.000000
11276.000000
3677.000000
-5389.000000
-12808.000000
-16813.000000
-19685.000000
-19004.000000
-11902.000000
-2216.000000
5240.000000
10403.000000
15323.000000
17977.000000
16888.000000
12487.000000
7722.000000
4923.000000
3599.000000
1903.000000
-1970.000000
-7679.000000
-13441.000000
-17278.000000
-18602.000000
-16835.000000
-14095.000000
-13422.000000
-12955.000000
-9929.000000
-4407.000000
2178.000000
6200.000000
8136.000000
8832.000000
9399.000000
11194.000000
14714.000000
18985.000000
21132.000000
20015.000000
16204.000000
12531.000000
9685.000000
7726.000000
4752.000000
1876.000000
-918.000000
-1533.000000
-1345.000000
-654.000000
-1421.000000
-3436.000000
-5386.000000
-5658.000000
-4744.000000
-3545.000000
-4906.000000
-10574.000000
-16871.000000
-19427.000000
-18540.000000
-14841.000000
-12958.000000
-12196.000000
-10672.000000
-5738.000000
4112.000000
14217.000000
18193.000000
14631.000000
6611.000000
-4664.000000
-14525.000000
-17875.000000
-16422.000000
-14774.000000
-12575.000000
-9616.000000
-3438.000000
6294.000000
12037.000000
12361.000000
7653.000000
844.000000
-5717.000000
-9830.000000
-12384.000000
-15261.000000
-16159.000000
-17250.000000
-16910.000000
-13944.000000
-7189.000000
880.000000
5753.000000
6416.000000
6988.000000
11673.000000
17070.000000
11871.000000
-4537.000000
-12349.000000
-1745.000000
12548.000000
12190.000000
-2937.000000
-13112.000000
-5173.000000
10543.000000
18970.000000
13944.000000
-1118.000000
-14282.000000
-17262.000000
-14464.000000
-13596.000000
-15489.000000
-15133.000000
-12288.000000
-9059.000000
-5554.000000
-270.000000
7168.000000
13421.000000
16359.000000
15772.000000
12266.000000
4101.000000
-6174.000000
-13827.000000
-16532.000000
-17263.000000
-17463.000000
-18177.000000
-17177.000000
-15849.000000
-12926.000000
-6769.000000
1860.000000
9576.000000
14782.000000
17756.000000
18593.000000
18203.000000
13031.000000
4859.000000
-3925.000000
-9473.000000
-9818.000000
-6102.000000
-2634.000000
-2535.000000
-4235.000000
-6012.000000
-7905.000000
-8629.000000
-10724.000000
-15016.000000
-18465.000000
-19866.000000
-19851.000000
-19008.000000
-18275.000000
-19198.000000
-19707.000000
-17456.000000
-13629.000000
-8617.000000
-1568.000000
5274.000000
11306.000000
15143.000000
16660.000000
17077.000000
16625.000000
15232.000000
14800.000000
15224.000000
15704.000000
15747.000000
14520.000000
9529.000000
4042.000000
-661.000000
-3942.000000
-7127.000000
-9724.000000
-13313.000000
-14921.000000
-13983.000000
-9451.000000
-2297.000000
2597.000000
2535.000000
-747.000000
-3771.000000
-3901.000000
-419.000000
4787.000000
9114.000000
12768.000000
16594.000000
19045.000000
16758.000000
9848.000000
3451.000000
-188.000000
-3220.000000
-6938.000000
-12296.000000
-16843.000000
-18500.000000
-18039.000000
-14589.000000
-11318.000000
-6235.000000
-25.000000
6362.000000
11180.000000
14388.000000
16885.000000
17835.000000
16286.000000
10578.000000
1080.000000
-7365.000000
-11689.000000
-13319.000000
-14281.000000
-15828.000000
-16327.000000
-17290.000000
-17801.000000
-18141.000000
-18193.000000
-17782.000000
-13980.000000
-9653.000000
-8008.000000
-9084.000000
-11871.000000
-14048.000000
-15811.000000
-16184.000000
-16539.000000
-15800.000000
-12961.000000
-10287.000000
-7616.000000
-3124.000000
4250.000000
11380.000000
14340.000000
12947.000000
11345.000000
9362.000000
8415.000000
7457.000000
4787.000000
1322.000000
-1008.000000
-2590.000000
-1971.000000
1385.000000
8411.000000
15827.000000
18704.000000
13812.000000
2018.000000
-11023.000000
-13839.000000
-1847.000000
12770.000000
14991.000000
1972.000000
-12265.000000
-14043.000000
-1251.000000
13422.000000
19834.000000
17899.000000
13690.000000
8698.000000
2609.000000
-5552.000000
-13823.000000
-18613.000000
-20045.000000
-18842.000000
-17309.000000
-15223.000000
-13704.000000
-12266.000000
-10309.000000
-7318.000000
-3743.000000
-869.000000
106.000000
-1819.000000
-2998.000000
-1980.000000
571.000000
905.000000
-2326.000000
-7894.000000
-12709.000000
-16002.000000
-17475.000000
-18724.000000
-19205.000000
-19725.000000
-19537.000000
-18989.000000
-18862.000000
-19268.000000
-19057.000000
-19087.000000
-18846.000000
-18143.000000
-16786.000000
-15392.000000
-14312.000000
-15092.000000
-14611.000000
-14050.000000
-12808.000000
-12360.000000
-12305.000000
-12234.000000
-9682.000000
-4413.000000
2384.000000
8772.000000
13352.000000
15870.000000
18706.000000
18962.000000
11430.000000
-552.000000
-12351.000000
-17893.000000
-16882.000000
-9863.000000
-120.000000
8868.000000
15513.000000
17261.000000
12672.000000
1798.000000
-9943.000000
-16990.000000
-16122.000000
-6258.000000
7242.000000
16168.000000
17756.000000
15008.000000
8122.000000
-836.000000
-9015.000000
-15726.000000
-18538.000000
-19083.000000
-19727.000000
-19937.000000
-19206.000000
-17169.000000
-13787.000000
-8599.000000
-3755.000000
2180.000000
8630.000000
13083.000000
15555.000000
17393.000000
18214.000000
18393.000000
18214.000000
17940.000000
17943.000000
17372.000000
17166.000000
15976.000000
14632.000000
12775.000000
10627.000000
9691.000000
11759.000000
13617.000000
15588.000000
16813.000000
18382.000000
18300.000000
16636.000000
13612.000000
12430.000000
14895.000000
16726.000000
17976.000000
17190.000000
15973.000000
16871.000000
17693.000000
11616.000000
-3707.000000
-14490.000000
-12876.000000
-2411.000000
10669.000000
18382.000000
15902.000000
5241.000000
-6513.000000
-14940.000000
-17473.000000
-12033.000000
-809.000000
10880.000000
17400.000000
17963.000000
17651.000000
16307.000000
13716.000000
10596.000000
5688.000000
-3335.000000
-11641.000000
-15663.000000
-16498.000000
-16695.000000
-16626.000000
-13468.000000
-5808.000000
3691.000000
9424.000000
8187.000000
335.000000
-9881.000000
-16517.000000
-19446.000000
-18296.000000
-13924.000000
-5915.000000
586.000000
3307.000000
2865.000000
1007.000000
2294.000000
6360.000000
12984.000000
18469.000000
19506.000000
17864.000000
13171.000000
7711.000000
1475.000000
-4617.000000
-9771.000000
-14430.000000
-14316.000000
-12023.000000
-12114.000000
-13377.000000
-14310.000000
-14317.000000
-12999.000000
-12798.000000
-15457.000000
-18431.000000
-20234.000000
-19987.000000
-17259.000000
-13703.000000
-8123.000000
601.000000
7509.000000
9022.000000
6587.000000
297.000000
-5729.000000
-9837.000000
-12036.000000
-13455.000000
-15667.000000
-17385.000000
-17690.000000
-17273.000000
-17442.000000
-16230.000000
-14395.000000
-9043.000000
-2286.000000
3481.000000
4725.000000
1911.000000
-2991.000000
-7092.000000
-11561.000000
-16434.000000
-19152.000000
-18955.000000
-15588.000000
-13880.000000
-13414.000000
-12902.000000
-10519.000000
-4154.000000
4438.000000
10765.000000
10172.000000
6882.000000
1932.000000
-2604.000000
-4468.000000
-5405.000000
-6600.000000
-7701.000000
-8395.000000
-6171.000000
-1195.000000
4152.000000
7441.000000
6192.000000
3356.000000
565.000000
645.000000
2086.000000
2760.000000
3829.000000
5216.000000
8396.000000
13008.000000
16960.000000
18971.000000
18896.000000
18069.000000
17713.000000
15863.000000
13520.000000
11883.000000
9084.000000
5937.000000
-382.000000
-6346.000000
-11397.000000
-13341.000000
-12357.000000
-10294.000000
-7242.000000
-3309.000000
2696.000000
7183.000000
9883.000000
11804.000000
12699.000000
14100.000000
16337.000000
17069.000000
17558.000000
17839.000000
13260.000000
3774.000000
-7911.000000
-15395.000000
-16398.000000
-9657.000000
3754.000000
12993.000000
3938.000000
-9537.000000
-2692.000000
11589.000000
8350.000000
-8009.000000
-12208.000000
1884.000000
13582.000000
10262.000000
-2337.000000
-13810.000000
-9265.000000
7512.000000
18161.000000
17202.000000
13708.000000
14267.000000
16195.000000
18132.000000
16648.000000
12628.000000
5330.000000
-2815.000000
-9739.000000
-14020.000000
-15773.000000
-15783.000000
-13508.000000
-8152.000000
-2684.000000
-2519.000000
-9005.000000
-15277.000000
-10149.000000
3112.000000
14280.000000
17665.000000
12414.000000
505.000000
-12058.000000
-18087.000000
-16271.000000
-9949.000000
177.000000
11230.000000
17133.000000
17416.000000
16837.000000
17317.000000
16995.000000
13818.000000
7265.000000
-1493.000000
-10465.000000
-14888.000000
-11899.000000
-4195.000000
4013.000000
10838.000000
15905.000000
17434.000000
15653.000000
12817.000000
12236.000000
13501.000000
16718.000000
18379.000000
18046.000000
17123.000000
15206.000000
12462.000000
9852.000000
7825.000000
9451.000000
11351.000000
13249.000000
13098.000000
11188.000000
8396.000000
7116.000000
10354.000000
14437.000000
13746.000000
7241.000000
-2139.000000
-10383.000000
-14812.000000
-13691.000000
-7481.000000
-369.000000
6159.000000
10445.000000
13763.000000
15700.000000
14830.000000
11903.000000
11605.000000
13402.000000
16394.000000
18274.000000
18510.000000
19035.000000
18577.000000
18187.000000
17786.000000
17239.000000
17100.000000
16962.000000
17812.000000
16534.000000
10991.000000
3065.000000
-2346.000000
-837.000000
6717.000000
12960.000000
13613.000000
10496.000000
7916.000000
5559.000000
-204.000000
-8147.000000
-12703.000000
-6998.000000
4283.000000
13080.000000
15114.000000
12203.000000
6374.000000
304.000000
-912.000000
3710.000000
9333.000000
11550.000000
10311.000000
7314.000000
5918.000000
9677.000000
16115.000000
17404.000000
9010.000000
-4697.000000
-14969.000000
-13089.000000
1293.000000
14635.000000
16190.000000
8395.000000
-3280.000000
-12583.000000
-16671.000000
-13608.000000
-5498.000000
2277.000000
7072.000000
8331.000000
6597.000000
4223.000000
3094.000000
3755.000000
3875.000000
1097.000000
-3313.000000
-9264.000000
-14227.000000
-14879.000000
-10400.000000
-2848.000000
4887.000000
11199.000000
13752.000000
7096.000000
-5696.000000
-11146.000000
-4145.000000
6325.000000
12992.000000
15250.000000
12287.000000
4313.000000
-4256.000000
-9354.000000
-12827.000000
-14918.000000
-11968.000000
-3882.000000
2547.000000
1241.000000
-7128.000000
-15200.000000
-15496.000000
-7376.000000
1629.000000
9756.000000
15513.000000
10467.000000
-5103.000000
-10549.000000
3231.000000
14362.000000
6045.000000
-9665.000000
-11677.000000
1396.000000
14620.000000
19849.000000
19811.000000
13716.000000
-62.000000
-13696.000000
-15481.000000
-8582.000000
-2874.000000
-2982.000000
-5664.000000
-8540.000000
-8403.000000
-6525.000000
-6941.000000
-9742.000000
-13280.000000
-15183.000000
-16262.000000
-16582.000000
-13116.000000
-5415.000000
2654.000000
9691.000000
14340.000000
16413.000000
16439.000000
13095.000000
6602.000000
-2097.000000
-10638.000000
-14150.000000
-11158.000000
-5810.000000
-3212.000000
-825.000000
1111.000000
4134.000000
5960.000000
4051.000000
-756.000000
-6842.000000
-13612.000000
-18022.000000
-19063.000000
-16956.000000
-10260.000000
-972.000000
5939.000000
8524.000000
7314.000000
5410.000000
4552.000000
4747.000000
4380.000000
4430.000000
3041.000000
-2695.000000
-10170.000000
-12574.000000
-6708.000000
2487.000000
10308.000000
12722.000000
6036.000000
-5062.000000
-13146.000000
-16026.000000
-15393.000000
-12380.000000
-6679.000000
-254.000000
4109.000000
5391.000000
7206.000000
9640.000000
12044.000000
15182.000000
16445.000000
16452.000000
16626.000000
16204.000000
10743.000000
-640.000000
-11499.000000
-14322.000000
-10281.000000
-1129.000000
8403.000000
14386.000000
15128.000000
11040.000000
5382.000000
-1040.000000
-8374.000000
-14383.000000
-15314.000000
-13540.000000
-14869.000000
-17766.000000
-18484.000000
-13424.000000
-3570.000000
7818.000000
15630.000000
11862.000000
-2459.000000
-14694.000000
-18303.000000
-16528.000000
-9395.000000
2883.000000
13605.000000
17241.000000
15123.000000
14351.000000
16190.000000
17455.000000
17737.000000
17118.000000
16865.000000
15222.000000
13129.000000
12549.000000
12860.000000
14142.000000
14692.000000
13237.000000
9430.000000
4756.000000
2794.000000
5723.000000
11471.000000
17346.000000
19094.000000
17034.000000
11922.000000
3055.000000
-6371.000000
-13030.000000
-17237.000000
-18890.000000
-19261.000000
-19478.000000
-19058.000000
-18210.000000
-17591.000000
-17162.000000
-16753.000000
-14631.000000
-9466.000000
-5007.000000
-1935.000000
-455.000000
1705.000000
4583.000000
5589.000000
3785.000000
205.000000
-3121.000000
-3776.000000
-2552.000000
-1229.000000
-2443.000000
-5211.000000
-8291.000000
-10055.000000
-10714.000000
-12807.000000
-16555.000000
-18859.000000
-19082.000000
-19190.000000
-19537.000000
-19110.000000
-18507.000000
-17978.000000
-17083.000000
-15056.000000
-13450.000000
-11137.000000
-8839.000000
-5585.000000
-3058.000000
-1716.000000
-1105.000000
-187.000000
1636.000000
2904.000000
2674.000000
1248.000000
218.000000
-402.000000
1056.000000
4041.000000
7466.000000
9553.000000
11601.000000
13655.000000
14260.000000
14277.000000
14786.000000
15398.000000
14912.000000
14231.000000
12702.000000
10189.000000
8056.000000
6086.000000
4592.000000
3370.000000
897.000000
-2320.000000
-4355.000000
-6691.000000
-10090.000000
-13297.000000
-14618.000000
-14848.000000
-16048.000000
-16964.000000
-17120.000000
-15828.000000
-10852.000000
-3994.000000
4621.000000
12942.000000
16610.000000
14730.000000
8537.000000
-748.000000
-10006.000000
-14148.000000
-13535.000000
-9660.000000
-5263.000000
-1786.000000
818.000000
2706.000000
4537.000000
5485.000000
6070.000000
5810.000000
5004.000000
3644.000000
3281.000000
4542.000000
7541.000000
11731.000000
15103.000000
16856.000000
17744.000000
18425.000000
18256.000000
16651.000000
9693.000000
-1007.000000
-10315.000000
-14209.000000
-11484.000000
-4712.000000
4763.000000
12032.000000
13304.000000
9054.000000
3236.000000
-2714.000000
-8165.000000
-12305.000000
-14454.000000
-14553.000000
-11230.000000
-4536.000000
4161.000000
11552.000000
16745.000000
18856.000000
18168.000000
14447.000000
10908.000000
8526.000000
8122.000000
8197.000000
6812.000000
2941.000000
-2096.000000
-5575.000000
-4039.000000
2802.000000
10658.000000
15136.000000
13432.000000
7632.000000
-862.000000
-9897.000000
-14895.000000
-15109.000000
-14198.000000
-13952.000000
-12928.000000
-8636.000000
-1718.000000
3130.000000
1199.000000
-7797.000000
-17193.000000
-18825.000000
-12790.000000
-1991.000000
9473.000000
16294.000000
16314.000000
12116.000000
7032.000000
999.000000
-5803.000000
-12701.000000
-16920.000000
-15372.000000
-9584.000000
-4930.000000
-5433.000000
-10572.000000
-14981.000000
-16858.000000
-17050.000000
-14557.000000
-8509.000000
75.000000
8261.000000
13108.000000
14275.000000
11789.000000
6882.000000
998.000000
-3670.000000
-6062.000000
-7052.000000
-8326.000000
-9468.000000
-9512.000000
-8730.000000
-7329.000000
-5411.000000
-4891.000000
-7489.000000
-11436.000000
-14423.000000
-15225.000000
-15432.000000
-15998.000000
-15168.000000
-13254.000000
-8723.000000
-272.000000
9077.000000
13500.000000
11819.000000
4499.000000
-5627.000000
-12132.000000
-13817.000000
-9524.000000
-4421.000000
-236.000000
4124.000000
7606.000000
9307.000000
7126.000000
1721.000000
-4414.000000
-9734.000000
-14173.000000
-17825.000000
-18163.000000
-12494.000000
-2677.000000
5509.000000
9917.000000
10418.000000
10270.000000
10297.000000
12111.000000
15527.000000
16977.000000
16700.000000
14295.000000
9346.000000
1761.000000
-6496.000000
-12253.000000
-13206.000000
-7186.000000
3184.000000
11888.000000
14961.000000
13016.000000
8343.000000
914.000000
-6954.000000
-12267.000000
-14658.000000
-15229.000000
-15848.000000
-16574.000000
-16613.000000
-15232.000000
-14078.000000
-12945.000000
-12283.000000
-11784.000000
-12179.000000
-12515.000000
-13717.000000
-15099.000000
-18267.000000
-20166.000000
-19411.000000
-15100.000000
-8440.000000
785.000000
9452.000000
17043.000000
20904.000000
18626.000000
12024.000000
3754.000000
-2726.000000
-8209.000000
-12658.000000
-16046.000000
-19828.000000
-19224.000000
-12500.000000
-3196.000000
5488.000000
8095.000000
6949.000000
4163.000000
2059.000000
3226.000000
4717.000000
5869.000000
2081.000000
-4427.000000
-10546.000000
-14599.000000
-15444.000000
-16121.000000
-15985.000000
-14996.000000
-14199.000000
-11873.000000
-7574.000000
-1528.000000
4090.000000
8975.000000
13036.000000
15799.000000
14186.000000
7901.000000
-2729.000000
-10980.000000
-14630.000000
-14290.000000
-10372.000000
-1670.000000
6485.000000
11038.000000
14715.000000
16541.000000
16128.000000
12539.000000
7993.000000
1614.000000
-4240.000000
-7868.000000
-8139.000000
-2922.000000
3084.000000
10287.000000
16006.000000
18656.000000
19348.000000
14731.000000
3147.000000
-8935.000000
-16210.000000
-15828.000000
-7473.000000
5797.000000
15536.000000
17611.000000
14738.000000
10075.000000
4483.000000
-1854.000000
-10142.000000
-16520.000000
-16770.000000
-8590.000000
3692.000000
13425.000000
17662.000000
16751.000000
11370.000000
2515.000000
-5761.000000
-12382.000000
-17131.000000
-18799.000000
-14378.000000
-5287.000000
3049.000000
10264.000000
16132.000000
18938.000000
19501.000000
17930.000000
17523.000000
17404.000000
17853.000000
17681.000000
17600.000000
16781.000000
13557.000000
7759.000000
-860.000000
-8695.000000
-14281.000000
-15696.000000
-15943.000000
-15470.000000
-14397.000000
-13318.000000
-13583.000000
-14738.000000
-16347.000000
-16320.000000
-15522.000000
-14882.000000
-14976.000000
-15895.000000
-16281.000000
-15362.000000
-14400.000000
-13961.000000
-15100.000000
-16970.000000
-17388.000000
-16538.000000
-12203.000000
-2673.000000
6869.000000
13387.000000
13290.000000
7122.000000
-3410.000000
-11711.000000
-11898.000000
-4421.000000
6678.000000
12611.000000
11009.000000
404.000000
-10546.000000
-16011.000000
-15952.000000
-15578.000000
-16525.000000
-18213.000000
-17425.000000
-15107.000000
-12220.000000
-12633.000000
-15887.000000
-18506.000000
-19993.000000
-19459.000000
-15521.000000
-4810.000000
8578.000000
17305.000000
17825.000000
13029.000000
6436.000000
-969.000000
-8642.000000
-15098.000000
-16924.000000
-16483.000000
-12353.000000
-8396.000000
-5210.000000
-2958.000000
619.000000
6800.000000
14065.000000
17881.000000
16142.000000
10215.000000
2355.000000
-5990.000000
-13983.000000
-18065.000000
-15954.000000
-7950.000000
4369.000000
14844.000000
18749.000000
14979.000000
6090.000000
-5641.000000
-14349.000000
-17475.000000
-12352.000000
-2770.000000
6208.000000
13669.000000
17437.000000
19200.000000
19786.000000
19296.000000
17472.000000
13337.000000
6931.000000
-107.000000
-6703.000000
-12339.000000
-15127.000000
-15459.000000
-14470.000000
-11790.000000
-8577.000000
-6527.000000
-6558.000000
-5652.000000
-3151.000000
381.000000
4441.000000
5780.000000
2998.000000
-4325.000000
-14042.000000
-19237.000000
-18430.000000
-15811.000000
-13506.000000
-9641.000000
94.000000
11698.000000
17770.000000
14572.000000
6729.000000
-1561.000000
-8576.000000
-14375.000000
-17962.000000
-18787.000000
-18418.000000
-18105.000000
-17625.000000
-15676.000000
-8324.000000
3720.000000
13590.000000
16723.000000
14445.000000
11472.000000
11108.000000
14093.000000
17766.000000
18872.000000
18295.000000
16964.000000
16022.000000
15323.000000
14713.000000
12920.000000
6648.000000
850.000000
-3336.000000
-5451.000000
-4453.000000
-1577.000000
-185.000000
-1699.000000
-5375.000000
-9704.000000
-13808.000000
-16111.000000
-15318.000000
-9686.000000
-1155.000000
6279.000000
12639.000000
17707.000000
19131.000000
13731.000000
4059.000000
-5323.000000
-11427.000000
-15791.000000
-17799.000000
-14771.000000
-6800.000000
-826.000000
-863.000000
-4902.000000
-9471.000000
-12062.000000
-12412.000000
-12772.000000
-13503.000000
-13938.000000
-14403.000000
-15395.000000
-16258.000000
-16362.000000
-16832.000000
-16840.000000
-16998.000000
-17657.000000
-18409.000000
-17828.000000
-11943.000000
-1007.000000
9908.000000
15907.000000
18464.000000
16836.000000
9553.000000
-1531.000000
-12576.000000
-18163.000000
-18189.000000
-15047.000000
-9707.000000
-4216.000000
-1324.000000
-3425.000000
-7855.000000
-12676.000000
-16002.000000
-17695.000000
-17832.000000
-16498.000000
-14723.000000
-10980.000000
-6241.000000
361.000000
6285.000000
11154.000000
14686.000000
16381.000000
16398.000000
15889.000000
16298.000000
17283.000000
18812.000000
18377.000000
15972.000000
10971.000000
3126.000000
-6986.000000
-16043.000000
-17653.000000
-12752.000000
-2475.000000
9133.000000
16075.000000
15607.000000
8918.000000
883.000000
-7427.000000
-14331.000000
-18722.000000
-20614.000000
-18032.000000
-12795.000000
-6418.000000
-751.000000
