0.000000
0.031036
-0.102852
-0.198282
0.988485
0.409941
-0.104715
-0.188780
-0.319376
-0.411561
-0.514769
-0.105018
-0.071882
-0.807407
-0.056616
0.753207
0.594493
-0.241263
-0.136271
-0.179734
0.095363
0.690985
0.352289
-0.100742
0.180484
0.046797
-0.755451
-0.606344
-0.365765
0.026992
-0.344690
-0.801346
-0.394685
-0.134354
-0.236158
0.530252
0.155826
-0.636433
-0.150171
0.523708
0.418164
-0.176027
-0.027172
-0.325323
-0.743624
-0.192409
-0.477336
-0.457018
-0.395483
-0.135103
-0.452385
-0.276219
0.286166
-0.005830
-0.886823
-0.017543
0.229753
-0.227446
-0.359693
0.092859
-0.400561
-0.235605
-0.116689
-0.695508
-0.621314
0.456788
-0.512384
-0.732989
0.212316
-1.184167
-0.671379
-0.099520
-0.091727
-0.256773
-0.283967
-0.706908
-0.642613
0.193034
-0.874868
-0.634082
-0.138524
-0.417614
-0.821406
0.209270
-0.432404
-0.564545
0.300902
-0.937803
-1.012288
-0.342952
-0.401771
-0.772399
-0.325846
0.107498
-0.431957
-0.735519
-0.336093
-0.306101
-0.318595
-0.643238
-0.764563
-0.089158
-0.034554
-0.251642
-0.640000
-0.394277
0.152377
-1.014214
-1.163748
-0.341174
0.003146
-0.696206
-0.557487
-0.489691
-0.036145
-0.753313
-0.057619
0.211355
0.074838
-0.628498
-0.407986
-0.207968
-0.108091
0.008983
-0.819807
-0.557212
0.203612
0.402232
-0.437293
-0.282236
0.193452
-0.245395
-0.145531
-0.353387
-0.391432
-0.062902
0.586777
0.212539
-0.812530
-0.049522
-0.216829
-0.265053
-0.047041
-0.434017
-0.437864
-0.150500
-0.464423
-0.195490
0.586232
-0.101900
-0.358061
-0.367727
-0.365268
-0.219317
-0.254286
-0.450363
-0.072787
-0.143178
-0.325786
-0.281271
0.243457
-0.076233
0.025225
-0.111215
0.035085
0.131688
-0.121995
0.034747
0.179268
0.411056
-0.046952
0.238305
-0.114003
-0.345681
0.117854
0.127960
-0.141174
0.341848
-0.079305
-0.752067
-0.040144
0.168706
-0.103375
0.004203
0.361972
-0.001043
-0.289812
0.035513
0.019224
-0.063861
-0.133018
0.046484
-0.289067
-0.301860
-0.016277
-0.162543
-0.561817
-0.211858
-0.119909
-0.343564
0.099523
-0.321171
-0.422005
0.148901
-0.095472
0.146494
0.107543
-0.012890
-0.169361
-0.512614
-0.105394
0.165743
-0.025211
0.048287
-0.180588
-0.442193
-0.410949
-0.143319
-0.121447
-0.537558
-0.464183
-0.050428
-0.166740
-0.007736
-0.145097
-0.444088
-0.098746
-0.374678
-0.097007
0.025617
-0.251834
-0.520863
-0.799306
-0.278181
-0.143871
-0.333585
0.090006
0.015607
-0.062914
-0.453690
-0.448547
-0.264936
-0.110844
0.093156
-0.285742
-0.605385
-0.042996
0.083772
-0.493028
-0.228157
-0.516794
-0.606250
-0.397927
-0.022191
-0.135976
-0.170438
0.197841
0.434689
-0.784242
-0.264118
-0.244180
0.159241
0.056525
-0.522027
-0.737601
-0.424286
-0.200537
-0.428611
-0.414261
-0.219205
-0.264786
-0.476510
-0.212033
-0.634586
-0.478133
0.318837
0.381433
0.070480
-0.613459
-0.451342
0.004222
0.394483
0.374131
-0.531488
-0.817441
-0.681055
-0.316023
-0.217449
-0.142016
0.359918
-0.074572
-0.353540
0.002209
-0.435538
-0.436757
0.040386
-1.017046
-0.335011
-0.000238
-0.584945
0.200943
-0.068442
-0.196338
-0.220428
-0.147824
-0.107055
0.182544
-0.205719
-0.396478
-0.545057
0.508740
-0.193429
-0.406170
-0.225712
-0.002235
0.205921
-0.207398
-0.290360
-0.356664
-0.123495
-0.002503
-0.029052
0.135061
0.354948
-0.399769
0.049796
0.267031
-0.507912
-0.753724
-0.263251
0.140658
0.459512
0.139801
-0.210133
-0.808516
-0.962059
-0.465439
0.484996
0.082030
-0.042017
-0.151827
-0.593400
0.120218
0.570599
-0.004868
-0.346588
-0.287483
-0.241306
-0.099126
-0.147416
0.060184
-0.283012
-0.204502
0.250373
-0.051765
-1.115463
0.040530
0.371492
-0.219265
-0.481773
-0.058480
-0.320722
0.072600
0.211123
0.170449
-0.333713
-0.284007
-0.426310
-0.323145
0.406970
0.165313
-0.504640
-0.858458
-0.486202
0.205776
-0.270693
0.076368
-0.080616
-0.355232
-0.512102
-0.550308
-0.259912
-0.137972
-0.142994
0.141613
-0.889211
-0.723698
0.664448
-0.122648
0.017001
0.392893
0.102108
-0.349167
0.119145
-0.280553
-0.178933
0.080388
-0.004722
0.097570
0.658220
0.235220
-0.710396
-1.073301
0.236292
0.303141
-0.605703
-0.412528
0.574938
-0.349988
0.012759
0.569967
0.087183
0.001280
0.652285
0.482853
0.082521
-0.732921
0.095371
0.612072
0.505603
0.387255
-1.121362
-0.394927
-0.027082
0.549192
0.535238
-0.392502
0.050686
0.633560
0.228250
0.779491
0.407444
-0.561356
-0.799252
0.212828
-0.327561
-0.111227
0.179667
0.072567
-0.049531
0.211086
-0.034770
0.019400
0.174711
0.369032
0.624706
-0.032327
0.033271
0.773840
-0.377300
0.003376
0.546951
0.287987
-0.514463
0.418695
0.403111
-0.100485
0.280386
0.510478
-0.305579
-0.116150
0.665308
0.225863
-0.013520
-0.465004
-0.374068
-0.070119
0.158169
0.502369
0.388585
-0.344367
-0.573065
-0.514040
-0.553635
0.156789
0.168971
-0.072148
0.667349
0.780068
0.271239
-0.633827
-0.254528
-0.435566
-0.606500
0.060179
0.326837
-0.390805
-0.640717
-0.419125
-0.251801
0.114503
-0.423306
-0.352196
0.042623
0.070740
-0.615006
0.402900
0.343461
-0.371553
-0.534201
