-10.500000
1.376155
-2.589590
-23.151955
-18076.000000
-17485.000000
-16526.000000
-16587.000000
-16814.000000
-16338.000000
-16973.000000
-17913.000000
-19064.000000
-19483.000000
-19794.000000
-19115.000000
-18014.000000
-15074.000000
-11715.000000
-8322.000000
-6548.000000
-4321.000000
-123.000000
5855.000000
13248.000000
17541.000000
18144.000000
18031.000000
17202.000000
16415.000000
13749.000000
11534.000000
9038.000000
7031.000000
7989.000000
11211.000000
14589.000000
16486.000000
16523.000000
11794.000000
827.000000
-10124.000000
-11645.000000
-6278.000000
-2313.000000
54.000000
5262.000000
11510.000000
14914.000000
14226.000000
11514.000000
6808.000000
1484.000000
-2971.000000
-7206.000000
-9774.000000
-11587.000000
-11766.000000
-11933.000000
-11500.000000
-10097.000000
-8858.000000
-7066.000000
-4553.000000
-362.000000
5217.000000
11257.000000
15285.000000
17227.000000
18169.000000
19222.000000
18041.000000
16367.000000
15876.000000
15440.000000
15888.000000
13525.000000
7169.000000
-1239.000000
-9087.000000
-14024.000000
-16582.000000
-18130.000000
-19045.000000
-18871.000000
-18366.000000
-16547.000000
-14967.000000
-12304.000000
-5980.000000
1901.000000
9606.000000
15262.000000
17946.000000
15309.000000
7022.000000
-4262.000000
-14196.000000
-17564.000000
-14278.000000
-6693.000000
2911.000000
12477.000000
18368.000000
19893.000000
19624.000000
19052.000000
18985.000000
18587.000000
18014.000000
16207.000000
14742.000000
14417.000000
13413.000000
11882.000000
9475.000000
7504.000000
5517.000000
4447.000000
3842.000000
2402.000000
-1957.000000
-9650.000000
-17311.000000
-18495.000000
-11267.000000
344.000000
12272.000000
15512.000000
6495.000000
-8125.000000
-14859.000000
-6699.000000
8068.000000
16446.000000
10879.000000
-2707.000000
-13583.000000
-17674.000000
-18266.000000
-18986.000000
-19173.000000
-19379.000000
-18926.000000
-18117.000000
-16861.000000
-15412.000000
-12063.000000
-3195.000000
7809.000000
12698.000000
9205.000000
-1796.000000
-11146.000000
-12226.000000
-5801.000000
1893.000000
7134.000000
11632.000000
13804.000000
11053.000000
5873.000000
3700.000000
7493.000000
12191.000000
15996.000000
18567.000000
19483.000000
18878.000000
17008.000000
14817.000000
12582.000000
12074.000000
12172.000000
10963.000000
7581.000000
611.000000
-6891.000000
-12297.000000
-16349.000000
-18158.000000
-18661.000000
-18963.000000
-18713.000000
-17919.000000
-15877.000000
-12576.000000
-11342.000000
-12083.000000
-14603.000000
-17462.000000
-18534.000000
-18411.000000
-17113.000000
-18093.000000
-19523.000000
-18876.000000
-15519.000000
-9764.000000
-5254.000000
-3711.000000
-4455.000000
-3038.000000
3903.000000
11534.000000
11030.000000
2438.000000
-7703.000000
-13441.000000
-13456.000000
-6214.000000
3786.000000
11370.000000
15321.000000
15003.000000
11842.000000
4137.000000
-5828.000000
-13970.000000
-15952.000000
-15151.000000
-13877.000000
-13077.000000
-13793.000000
-15400.000000
-17726.000000
-17853.000000
-14248.000000
-8270.000000
-2335.000000
-443.000000
738.000000
4044.000000
10265.000000
15583.000000
18414.000000
18104.000000
16525.000000
14889.000000
12655.000000
9922.000000
6570.000000
2623.000000
-1677.000000
-5305.000000
-7133.000000
-7871.000000
-7106.000000
-7446.000000
-7825.000000
-8597.000000
-8639.000000
-6585.000000
-3445.000000
311.000000
4935.000000
10818.000000
16441.000000
18683.000000
11392.000000
-2061.000000
-13459.000000
-17441.000000
-12787.000000
-2678.000000
9384.000000
17315.000000
19456.000000
15559.000000
7929.000000
-3141.000000
-13199.000000
-18618.000000
-17162.000000
-10052.000000
-317.000000
10316.000000
17171.000000
19880.000000
18434.000000
14734.000000
11080.000000
6566.000000
3369.000000
549.000000
-2080.000000
-2317.000000
799.000000
5432.000000
8612.000000
9189.000000
8316.000000
6020.000000
2832.000000
-45.000000
-5732.000000
-13914.000000
-19820.000000
-20311.000000
-16814.000000
-11650.000000
-3220.000000
7658.000000
16205.000000
12821.000000
-156.000000
-13630.000000
-16284.000000
-5879.000000
8715.000000
15683.000000
9118.000000
-6195.000000
-16264.000000
-13440.000000
-4642.000000
2750.000000
7937.000000
11864.000000
16185.000000
18361.000000
18825.000000
17756.000000
14690.000000
11978.000000
9750.000000
8552.000000
6026.000000
3105.000000
-17.000000
-2778.000000
-4107.000000
-4067.000000
-4615.000000
-6044.000000
-6938.000000
-5101.000000
-1144.000000
2656.000000
3410.000000
-1222.000000
-8990.000000
-14509.000000
-15785.000000
-13635.000000
-8917.000000
-4447.000000
132.000000
5497.000000
9925.000000
13793.000000
14567.000000
11330.000000
5089.000000
-3323.000000
-10210.000000
-14776.000000
-13864.000000
-10275.000000
-5703.000000
-3129.000000
-4134.000000
-9332.000000
-15239.000000
-17886.000000
-18784.000000
-19732.000000
-19792.000000
-16273.000000
-8085.000000
3988.000000
14873.000000
16215.000000
7649.000000
-6777.000000
-16585.000000
-16406.000000
-11031.000000
-5674.000000
-1984.000000
1041.000000
2971.000000
5562.000000
6888.000000
3069.000000
-4693.000000
-12013.000000
-15266.000000
-13548.000000
-8553.000000
-1107.000000
7469.000000
12568.000000
15669.000000
17001.000000
16043.000000
13332.000000
7912.000000
275.000000
-6281.000000
-11028.000000
-15433.000000
-17659.000000
-18928.000000
-18654.000000
-18831.000000
-18491.000000
-18066.000000
-16096.000000
-13522.000000
-11251.000000
-10197.000000
-9250.000000
-8224.000000
-6845.000000
-4785.000000
-3311.000000
-3831.000000
-5752.000000
-5559.000000
-5182.000000
-4794.000000
-4804.000000
-6062.000000
-5929.000000
-3934.000000
992.000000
7496.000000
13274.000000
16929.000000
20195.000000
19954.000000
16425.000000
10971.000000
4177.000000
-3969.000000
-12388.000000
-16799.000000
-12613.000000
-34.000000
14130.000000
18119.000000
9349.000000
-2958.000000
-11488.000000
-16038.000000
-18201.000000
-17432.000000
-13289.000000
-8585.000000
-5378.000000
-1728.000000
2615.000000
8289.000000
12464.000000
14436.000000
14866.000000
15624.000000
17384.000000
18799.000000
15498.000000
7602.000000
-1411.000000
-8821.000000
-14890.000000
-18132.000000
-17611.000000
-14824.000000
-10680.000000
-4046.000000
5081.000000
13675.000000
17500.000000
14316.000000
4285.000000
-6798.000000
-13669.000000
-17325.000000
-18385.000000
-18489.000000
-16305.000000
-11580.000000
-6706.000000
-1968.000000
3135.000000
9157.000000
15259.000000
18345.000000
18830.000000
18600.000000
19241.000000
19647.000000
15906.000000
4961.000000
-8237.000000
-16226.000000
-18064.000000
-17747.000000
-15916.000000
-12013.000000
-4578.000000
6556.000000
15715.000000
17790.000000
9704.000000
-4741.000000
-15147.000000
-12079.000000
241.000000
9500.000000
13220.000000
15396.000000
17429.000000
19137.000000
18088.000000
16441.000000
17114.000000
17768.000000
18347.000000
18362.000000
15887.000000
11121.000000
4306.000000
-1974.000000
-6195.000000
-6052.000000
-1289.000000
4211.000000
8421.000000
10436.000000
10180.000000
11492.000000
16316.000000
19502.000000
13830.000000
-300.000000
-13176.000000
-14625.000000
-2377.000000
12180.000000
13889.000000
1514.000000
-12420.000000
-16726.000000
-8508.000000
5127.000000
16473.000000
19294.000000
15001.000000
10085.000000
9458.000000
12462.000000
14398.000000
14192.000000
12685.000000
11436.000000
11968.000000
14525.000000
15809.000000
16639.000000
17213.000000
16125.000000
12934.000000
6974.000000
1244.000000
-1547.000000
-1239.000000
2105.000000
7851.000000
12925.000000
16028.000000
17994.000000
18946.000000
18266.000000
12421.000000
984.000000
-11231.000000
-16916.000000
-16441.000000
-12359.000000
-6613.000000
-1508.000000
2494.000000
4666.000000
4309.000000
2571.000000
1229.000000
1518.000000
2166.000000
1649.000000
-46.000000
-148.000000
1537.000000
3868.000000
4553.000000
2692.000000
-498.000000
-1722.000000
-284.000000
4327.000000
11924.000000
18040.000000
19965.000000
17422.000000
7926.000000
-4871.000000
-13953.000000
-17255.000000
-17314.000000
-15666.000000
-12895.000000
-8310.000000
-3249.000000
2318.000000
6208.000000
7508.000000
6956.000000
6566.000000
7652.000000
9379.000000
11227.000000
13182.000000
15479.000000
19089.000000
14434.000000
-1485.000000
-13927.000000
-11762.000000
-1110.000000
9946.000000
17568.000000
13504.000000
-3683.000000
-13010.000000
-2823.000000
12860.000000
11666.000000
-5305.000000
-15193.000000
-7141.000000
6656.000000
14124.000000
16989.000000
18189.000000
18648.000000
17147.000000
14815.000000
12945.000000
13683.000000
15550.000000
15534.000000
13718.000000
11861.000000
9195.000000
5838.000000
5969.000000
9276.000000
15517.000000
19053.000000
14429.000000
5277.000000
-2829.000000
-9854.000000
-15772.000000
-17545.000000
-11041.000000
-1078.000000
8793.000000
15890.000000
16612.000000
7965.000000
-4988.000000
-12710.000000
-16365.000000
-17042.000000
-17233.000000
-19002.000000
-18666.000000
-15157.000000
-10248.000000
-7180.000000
-9796.000000
-16158.000000
-18505.000000
-14474.000000
-7765.000000
-3733.000000
1782.000000
10199.000000
14989.000000
2395.000000
-10344.000000
-1705.000000
12334.000000
9654.000000
-7392.000000
-14058.000000
-1671.000000
13801.000000
18096.000000
10319.000000
-4684.000000
-14276.000000
-5860.000000
11036.000000
19360.000000
17953.000000
13948.000000
10417.000000
9000.000000
7738.000000
6161.000000
5500.000000
4626.000000
3168.000000
-453.000000
-4248.000000
-7567.000000
-9092.000000
-9267.000000
-10956.000000
-13966.000000
-18195.000000
-19700.000000
-14582.000000
-4957.000000
3322.000000
8599.000000
12053.000000
14041.000000
16029.000000
18024.000000
19067.000000
18766.000000
18613.000000
17909.000000
16315.000000
14494.000000
13529.000000
10699.000000
5839.000000
57.000000
-4556.000000
-5921.000000
-6336.000000
-8261.000000
-12478.000000
-18498.000000
-18729.000000
-13353.000000
-2200.000000
9980.000000
17100.000000
12100.000000
-2387.000000
-13477.000000
-18093.000000
-17995.000000
-12762.000000
-3556.000000
7414.000000
14975.000000
18514.000000
19354.000000
19647.000000
19348.000000
19343.000000
19089.000000
18109.000000
16562.000000
14692.000000
15808.000000
18577.000000
16175.000000
7737.000000
-2.000000
-2323.000000
-2183.000000
-4839.000000
-11614.000000
-15300.000000
-3940.000000
10581.000000
11158.000000
-4472.000000
-12982.000000
-805.000000
12667.000000
7626.000000
-7256.000000
-17626.000000
-16936.000000
-5745.000000
10169.000000
18009.000000
16686.000000
12284.000000
8391.000000
4975.000000
1699.000000
-996.000000
-1342.000000
976.000000
1354.000000
-2983.000000
-12062.000000
-18218.000000
-15455.000000
-7075.000000
1559.000000
8781.000000
13481.000000
16253.000000
9965.000000
-4269.000000
-14944.000000
-12106.000000
2020.000000
13897.000000
12557.000000
-805.000000
-13141.000000
-17676.000000
-16940.000000
-15637.000000
-14067.000000
-13244.000000
-13448.000000
-14135.000000
-15993.000000
-17227.000000
-18671.000000
-17962.000000
-15629.000000
-12398.000000
-9185.000000
-8946.000000
-11858.000000
-16212.000000
-19035.000000
-16362.000000
-9421.000000
-404.000000
9488.000000
16499.000000
17176.000000
13520.000000
6459.000000
-3097.000000
-12630.000000
-17720.000000
-16166.000000
-9465.000000
-2789.000000
319.000000
-1608.000000
-5165.000000
-8352.000000
-10957.000000
-12993.000000
-15933.000000
-17708.000000
-18494.000000
-18527.000000
-18122.000000
-17148.000000
-13816.000000
-9024.000000
-447.000000
11211.000000
15523.000000
2215.000000
-12069.000000
-6347.000000
9020.000000
9809.000000
-5605.000000
-11938.000000
1353.000000
14031.000000
8736.000000
-7333.000000
-14602.000000
-5178.000000
10931.000000
17919.000000
12104.000000
-260.000000
-11031.000000
-17372.000000
-19268.000000
-18868.000000
-18832.000000
-18290.000000
-18543.000000
-15700.000000
-9772.000000
-331.000000
9323.000000
15785.000000
18008.000000
16234.000000
8300.000000
-6044.000000
-15152.000000
-8374.000000
7656.000000
16771.000000
11828.000000
-2147.000000
-14396.000000
-17225.000000
-7583.000000
7687.000000
16797.000000
14915.000000
5187.000000
-6703.000000
-14874.000000
-17934.000000
-17764.000000
-17081.000000
-16865.000000
-17041.000000
-17033.000000
-16402.000000
-15943.000000
-16716.000000
-17058.000000
-17092.000000
-17035.000000
-16306.000000
-14646.000000
-11160.000000
-7905.000000
-9799.000000
-15567.000000
-18162.000000
-11030.000000
1114.000000
9614.000000
12965.000000
14830.000000
17428.000000
16830.000000
7851.000000
-6860.000000
-16511.000000
-14308.000000
-2609.000000
10477.000000
17332.000000
12938.000000
1858.000000
-7839.000000
-14865.000000
-18208.000000
-15201.000000
-8753.000000
-723.000000
6010.000000
11207.000000
16262.000000
19851.000000
20069.000000
17936.000000
14847.000000
9936.000000
2537.000000
-5540.000000
-10723.000000
-14887.000000
-16533.000000
-17427.000000
-18214.000000
-19209.000000
-18847.000000
-18522.000000
-18277.000000
-17684.000000
-15336.000000
-10802.000000
-6998.000000
-3066.000000
4342.000000
13323.000000
17714.000000
13942.000000
2653.000000
-9515.000000
-16517.000000
-16486.000000
-10312.000000
-601.000000
8992.000000
15244.000000
16245.000000
9264.000000
-2886.000000
-13549.000000
-15033.000000
-5852.000000
5509.000000
13750.000000
17743.000000
19161.000000
18194.000000
15393.000000
11408.000000
8646.000000
6722.000000
4964.000000
2393.000000
1498.000000
3294.000000
7564.000000
11778.000000
14365.000000
16015.000000
16582.000000
17475.000000
17232.000000
17133.000000
16709.000000
16800.000000
15998.000000
14984.000000
14846.000000
14685.000000
16793.000000
19708.000000
21094.000000
17554.000000
8759.000000
-3226.000000
-13272.000000
-17760.000000
-15011.000000
-5226.000000
7029.000000
16137.000000
17216.000000
11540.000000
1532.000000
-8991.000000
-16494.000000
-19774.000000
-17299.000000
-11092.000000
-1886.000000
6630.000000
11546.000000
12936.000000
13170.000000
12377.000000
11404.000000
9006.000000
5461.000000
2384.000000
-1021.000000
-3727.000000
-4833.000000
-4500.000000
-4226.000000
-2797.000000
22.000000
5176.000000
13048.000000
16867.000000
7906.000000
-7436.000000
-13511.000000
-4399.000000
9884.000000
15017.000000
3260.000000
-11273.000000
-6680.000000
9076.000000
11083.000000
-3742.000000
-8308.000000
6223.000000
12913.000000
3310.000000
-8587.000000
-16335.000000
-18804.000000
-16333.000000
-11068.000000
-5165.000000
-2665.000000
-3118.000000
-6657.000000
-10439.000000
-13028.000000
-16010.000000
-17675.000000
-17484.000000
-15110.000000
-14930.000000
-18068.000000
-18428.000000
-13308.000000
-6801.000000
-3279.000000
-3590.000000
-1034.000000
7122.000000
15670.000000
17387.000000
10388.000000
-1442.000000
-12712.000000
-18767.000000
-14799.000000
-5184.000000
6553.000000
14823.000000
17579.000000
14795.000000
7670.000000
-563.000000
-9135.000000
-15714.000000
-19053.000000
-19078.000000
-15438.000000
-9383.000000
-1382.000000
8060.000000
15511.000000
18458.000000
18075.000000
15676.000000
10805.000000
3896.000000
-673.000000
-1483.000000
-549.000000
-1197.000000
-5424.000000
-11722.000000
-17306.000000
-19450.000000
-17508.000000
-13067.000000
-6933.000000
1860.000000
11778.000000
16589.000000
9460.000000
-5845.000000
-16528.000000
-15229.000000
-5026.000000
7802.000000
16154.000000
18242.000000
18065.000000
18186.000000
17452.000000
12907.000000
4208.000000
-5959.000000
-12536.000000
-13139.000000
-8662.000000
-2502.000000
1661.000000
5305.000000
10106.000000
14379.000000
16584.000000
17685.000000
18053.000000
16950.000000
14604.000000
12091.000000
11702.000000
12589.000000
11927.000000
7018.000000
-4252.000000
-14756.000000
-14318.000000
-3050.000000
9690.000000
16143.000000
16130.000000
8737.000000
-1786.000000
-11071.000000
-16317.000000
-18490.000000
-14357.000000
-3679.000000
7674.000000
16075.000000
18820.000000
17563.000000
12249.000000
5602.000000
77.000000
-1856.000000
-1431.000000
-1642.000000
-5447.000000
-10122.000000
-13872.000000
-16702.000000
-18677.000000
-19349.000000
-18188.000000
-14399.000000
-10910.000000
-9248.000000
-10154.000000
-11266.000000
-10804.000000
-8908.000000
-4193.000000
-423.000000
-125.000000
-4285.000000
-10436.000000
-14878.000000
-16397.000000
-16298.000000
-16899.000000
-18109.000000
-18086.000000
-16964.000000
-12126.000000
497.000000
12340.000000
18527.000000
20204.000000
18429.000000
11105.000000
-3077.000000
-13581.000000
-9566.000000
5394.000000
13782.000000
5188.000000
-10455.000000
-13852.000000
-2367.000000
11157.000000
18231.000000
18977.000000
14177.000000
4969.000000
-4366.000000
-11769.000000
-15764.000000
-15256.000000
-12246.000000
-9214.000000
-5668.000000
-3032.000000
-356.000000
4451.000000
7570.000000
8653.000000
5996.000000
1685.000000
-706.000000
2250.000000
8289.000000
12716.000000
14481.000000
15317.000000
14717.000000
11597.000000
7971.000000
2467.000000
-4703.000000
-11820.000000
-17483.000000
-19570.000000
-17054.000000
-9850.000000
395.000000
10781.000000
17589.000000
19013.000000
17470.000000
13748.000000
9366.000000
6568.000000
4864.000000
4037.000000
2165.000000
214.000000
-1369.000000
-1264.000000
1744.000000
4906.000000
8064.000000
10788.000000
12582.000000
14836.000000
15909.000000
16535.000000
16707.000000
16572.000000
16905.000000
14797.000000
11463.000000
5603.000000
-664.000000
-7988.000000
-15346.000000
-18086.000000
-13948.000000
-4297.000000
4616.000000
9513.000000
11836.000000
13966.000000
16158.000000
17688.000000
18513.000000
18548.000000
17136.000000
15297.000000
13673.000000
9430.000000
2982.000000
-3670.000000
-8591.000000
-12718.000000
-16086.000000
-18678.000000
-16435.000000
-9082.000000
148.000000
7752.000000
14437.000000
18369.000000
17184.000000
11296.000000
1202.000000
-10389.000000
-18683.000000
-19596.000000
-17927.000000
-16356.000000
-15634.000000
-15028.000000
-13547.000000
-13068.000000
-12909.000000
-14494.000000
-14794.000000
-12898.000000
-8237.000000
-2464.000000
5562.000000
12225.000000
15020.000000
16532.000000
17939.000000
19327.000000
19153.000000
18732.000000
17178.000000
15218.000000
13380.000000
13839.000000
17720.000000
17302.000000
7281.000000
-6762.000000
-15903.000000
-14391.000000
-1486.000000
12941.000000
14797.000000
3596.000000
-9548.000000
-17107.000000
-13745.000000
1050.000000
14269.000000
17156.000000
12918.000000
9507.000000
7791.000000
6977.000000
3772.000000
-1007.000000
-6436.000000
-11726.000000
-15634.000000
-19330.000000
-20520.000000
-18738.000000
-16707.000000
-14627.000000
-14668.000000
-15526.000000
-14384.000000
-9877.000000
-1190.000000
8531.000000
15212.000000
17951.000000
18431.000000
18409.000000
16412.000000
14571.000000
13826.000000
15120.000000
16534.000000
17148.000000
16121.000000
13365.000000
12608.000000
14341.000000
16455.000000
17225.000000
17052.000000
16793.000000
17035.000000
17822.000000
19300.000000
19821.000000
16258.000000
7216.000000
-3465.000000
-11555.000000
-16027.000000
-17434.000000
-18653.000000
-18700.000000
-16547.000000
-11208.000000
-3005.000000
6178.000000
13203.000000
17288.000000
17924.000000
15608.000000
12182.000000
7984.000000
3284.000000
-326.000000
-3253.000000
-5382.000000
-6660.000000
-8327.000000
-11404.000000
-15367.000000
-18551.000000
-18439.000000
-15564.000000
-9875.000000
-1392.000000
8028.000000
15357.000000
18346.000000
16258.000000
9970.000000
1580.000000
-7348.000000
-15252.000000
-18604.000000
-19641.000000
-18529.000000
-13737.000000
-6767.000000
-1572.000000
944.000000
3339.000000
6863.000000
10874.000000
14077.000000
13355.000000
9174.000000
1517.000000
-8169.000000
-12931.000000
-9364.000000
-2233.000000
2261.000000
1073.000000
-1703.000000
-3746.000000
-3624.000000
-2613.000000
-2646.000000
-4869.000000
-10386.000000
-16557.000000
-19104.000000
-16413.000000
-11395.000000
-5042.000000
234.000000
5655.000000
9564.000000
10945.000000
9034.000000
8146.000000
9864.000000
13682.000000
18235.000000
19334.000000
17183.000000
15221.000000
12225.000000
9466.000000
5248.000000
317.000000
-4706.000000
-9845.000000
-14646.000000
-18676.000000
-19041.000000
-17491.000000
-14524.000000
-8869.000000
-1497.000000
4622.000000
10069.000000
12774.000000
13914.000000
16515.000000
18464.000000
18394.000000
18145.000000
18186.000000
18082.000000
18331.000000
19132.000000
18851.000000
18172.000000
17081.000000
13330.000000
5278.000000
-2983.000000
-11361.000000
-17255.000000
-16901.000000
-10173.000000
198.000000
9876.000000
16560.000000
19029.000000
17979.000000
15526.000000
13173.000000
10658.000000
9492.000000
6352.000000
1589.000000
-2259.000000
-3607.000000
-4057.000000
-4600.000000
-5160.000000
-4762.000000
-2583.000000
3054.000000
9114.000000
13853.000000
15628.000000
14876.000000
11699.000000
7825.000000
4499.000000
1710.000000
-941.000000
-5997.000000
-11735.000000
-16342.000000
-18882.000000
-19962.000000
-19250.000000
-15037.000000
-7982.000000
426.000000
5534.000000
6123.000000
4770.000000
4731.000000
6294.000000
10811.000000
15149.000000
17366.000000
18479.000000
18211.000000
19678.000000
19285.000000
18698.000000
18296.000000
16234.000000
12740.000000
8093.000000
2968.000000
-1101.000000
-3761.000000
-5618.000000
-7594.000000
-10864.000000
-13554.000000
-14317.000000
-13168.000000
-12717.000000
-12734.000000
-12655.000000
-11731.000000
-9868.000000
-5607.000000
-1869.000000
-536.000000
-1557.000000
-2006.000000
-1460.000000
806.000000
5775.000000
11562.000000
17066.000000
19936.000000
20487.000000
20920.000000
19980.000000
18425.000000
17025.000000
16260.000000
16872.000000
16892.000000
17390.000000
18660.000000
18546.000000
18088.000000
17903.000000
17221.000000
17679.000000
18561.000000
18980.000000
18295.000000
16670.000000
14196.000000
12899.000000
12838.000000
12048.000000
10198.000000
4461.000000
-3267.000000
-9418.000000
-13697.000000
-16089.000000
-16838.000000
-16442.000000
-15838.000000
-16195.000000
-17385.000000
-17965.000000
-18291.000000
-18246.000000
-19110.000000
-19017.000000
-18218.000000
-18114.000000
-17502.000000
-17527.000000
-17694.000000
-17624.000000
-15833.000000
-10652.000000
-1709.000000
5549.000000
7873.000000
3606.000000
-3663.000000
-9466.000000
-12321.000000
-13602.000000
-14612.000000
-15517.000000
-14898.000000
-13181.000000
-11687.000000
-10572.000000
-6183.000000
-58.000000
6625.000000
11764.000000
12665.000000
9120.000000
-109.000000
-9537.000000
-14377.000000
-15595.000000
-15660.000000
-16325.000000
-17424.000000
-18864.000000
-19374.000000
-19332.000000
-18408.000000
-18028.000000
-16559.000000
-12695.000000
-7933.000000
-7403.000000
-10869.000000
-15742.000000
-17862.000000
-18278.000000
-18015.000000
-17959.000000
-16379.000000
-15956.000000
-16506.000000
-16849.000000
-15591.000000
-12661.000000
-8072.000000
-3102.000000
3151.000000
11004.000000
16492.000000
15808.000000
9027.000000
88.000000
-6466.000000
-10726.000000
-13682.000000
-15628.000000
-15887.000000
-14332.000000
-9810.000000
-5542.000000
-3416.000000
-2576.000000
-427.000000
4680.000000
9887.000000
13985.000000
15238.000000
15139.000000
12574.000000
5541.000000
-2544.000000
-8639.000000
-11052.000000
-10678.000000
-8738.000000
-6695.000000
-3526.000000
-852.000000
3420.000000
9317.000000
14159.000000
17094.000000
18142.000000
18413.000000
19188.000000
20345.000000
18780.000000
15539.000000
14551.000000
16161.000000
16822.000000
14798.000000
11219.000000
10082.000000
11060.000000
12960.000000
12365.000000
11536.000000
14447.000000
18454.000000
20902.000000
20047.000000
19293.000000
19188.000000
15879.000000
7333.000000
-5303.000000
-14508.000000
-15239.000000
-6036.000000
8787.000000
16499.000000
12652.000000
1093.000000
-10637.000000
-16785.000000
-16539.000000
-11250.000000
-3980.000000
3907.000000
9647.000000
13567.000000
14228.000000
11125.000000
6525.000000
4299.000000
3649.000000
2255.000000
428.000000
-2934.000000
-6255.000000
-9665.000000
-11679.000000
-13725.000000
-15232.000000
-15357.000000
-13525.000000
-11619.000000
-11135.000000
-11873.000000
-13280.000000
-15039.000000
-16352.000000
-17629.000000
-18538.000000
-19802.000000
-19851.000000
-19346.000000
-18270.000000
-16786.000000
-15556.000000
-15448.000000
-15521.000000
-16339.000000
-15997.000000
-14611.000000
-11554.000000
-7055.000000
-1219.000000
5107.000000
9382.000000
11639.000000
13841.000000
15283.000000
14839.000000
12169.000000
8326.000000
4874.000000
2133.000000
-306.000000
-2571.000000
-4707.000000
-4805.000000
-3091.000000
340.000000
4847.000000
9224.000000
13574.000000
16911.000000
18961.000000
18861.000000
15314.000000
11002.000000
7759.000000
6734.000000
6290.000000
6465.000000
6552.000000
7715.000000
7779.000000
8096.000000
8615.000000
9145.000000
9741.000000
8711.000000
7229.000000
8273.000000
11133.000000
14124.000000
15724.000000
16866.000000
16693.000000
16437.000000
16322.000000
15838.000000
13661.000000
11309.000000
9639.000000
8093.000000
6746.000000
6997.000000
7903.000000
8835.000000
10503.000000
12331.000000
12966.000000
13541.000000
13729.000000
13161.000000
12378.000000
11734.000000
12744.000000
14653.000000
16835.000000
18520.000000
19423.000000
19788.000000
20930.000000
21180.000000
19725.000000
18864.000000
19243.000000
19035.000000
18312.000000
18011.000000
18231.000000
18593.000000
18831.000000
18319.000000
18285.000000
18039.000000
17117.000000
14321.000000
8420.000000
673.000000
-6866.000000
-12147.000000
-15733.000000
-18398.000000
-18736.000000
-17108.000000
-13430.000000
-8864.000000
-5452.000000
-3269.000000
-1210.000000
1230.000000
3353.000000
4378.000000
3915.000000
3188.000000
3394.000000
3774.000000
3072.000000
1514.000000
-1158.000000
-4491.000000
-8006.000000
-10420.000000
-12437.000000
-13795.000000
-13225.000000
-11361.000000
-7403.000000
-904.000000
6709.000000
14903.000000
18843.000000
16995.000000
10946.000000
2322.000000
-6872.000000
-14935.000000
-17969.000000
-13944.000000
-6021.000000
256.000000
3122.000000
4417.000000
6236.000000
9611.000000
13084.000000
16387.000000
17486.000000
17798.000000
18670.000000
18676.000000
18013.000000
17265.000000
17369.000000
18385.000000
18727.000000
18537.000000
15323.000000
8521.000000
179.000000
-8556.000000
-14390.000000
-17856.000000
-18648.000000
-17781.000000
-14426.000000
-9212.000000
-4522.000000
-26.000000
4050.000000
7956.000000
11768.000000
13157.000000
10692.000000
6680.000000
1811.000000
-93.000000
474.000000
4326.000000
8183.000000
11644.000000
15321.000000
19364.000000
20853.000000
17377.000000
12819.000000
6685.000000
-62.000000
-8217.000000
-15007.000000
-18356.000000
-17784.000000
-12217.000000
-4006.000000
5064.000000
13672.000000
17835.000000
18348.000000
18140.000000
17447.000000
15811.000000
14252.000000
14285.000000
14968.000000
15100.000000
16045.000000
16780.000000
17586.000000
18221.000000
17948.000000
18192.000000
18268.000000
17687.000000
17579.000000
17600.000000
18619.000000
18806.000000
18483.000000
17683.000000
16319.000000
13360.000000
10943.000000
8316.000000
4032.000000
205.000000
-3877.000000
-6432.000000
-8635.000000
-9129.000000
-10083.000000
-10934.000000
-12397.000000
-13817.000000
-13536.000000
-12908.000000
-13542.000000
-14507.000000
-15626.000000
-16919.000000
-17620.000000
-18042.000000
-17950.000000
-17562.000000
-16236.000000
-16160.000000
-15873.000000
-16562.000000
-14993.000000
-12477.000000
-8811.000000
-4840.000000
-2444.000000
-31.000000
3109.000000
7525.000000
10207.000000
12805.000000
14865.000000
17895.000000
20134.000000
16863.000000
8187.000000
-3762.000000
-13823.000000
-17948.000000
-16675.000000
-10773.000000
-3508.000000
4501.000000
11174.000000
15884.000000
19087.000000
20165.000000
19834.000000
18289.000000
16003.000000
14794.000000
13407.000000
11167.000000
8830.000000
7821.000000
8696.000000
10018.000000
11070.000000
12799.000000
14548.000000
16256.000000
17013.000000
16732.000000
15741.000000
13997.000000
12742.000000
10651.000000
9933.000000
9787.000000
9629.000000
9949.000000
9762.000000
8573.000000
7389.000000
6895.000000
6912.000000
6186.000000
3283.000000
426.000000
-1155.000000
-2154.000000
-2570.000000
-1920.000000
-2265.000000
-2774.000000
-1717.000000
1177.000000
6610.000000
11069.000000
15039.000000
17298.000000
18390.000000
19298.000000
20041.000000
20031.000000
19465.000000
17533.000000
13348.000000
7134.000000
-413.000000
-8657.000000
-15336.000000
-17233.000000
-12736.000000
-4963.000000
2606.000000
8386.000000
13744.000000
17985.000000
17752.000000
13805.000000
9893.000000
6312.000000
3065.000000
-633.000000
-4625.000000
-8435.000000
-10778.000000
-13032.000000
-15447.000000
-17311.000000
-18327.000000
-18678.000000
-18650.000000
-17801.000000
-16018.000000
-13007.000000
-9826.000000
-8082.000000
-8556.000000
-11055.000000
-12802.000000
-14180.000000
-15790.000000
-18366.000000
-20696.000000
-19081.000000
-14427.000000
-8240.000000
643.000000
10404.000000
17127.000000
16380.000000
9837.000000
1581.000000
-5782.000000
-12406.000000
-17261.000000
-19043.000000
-17384.000000
-10763.000000
-2371.000000
7181.000000
15194.000000
18057.000000
17609.000000
14153.000000
10864.000000
9047.000000
7758.000000
6687.000000
2804.000000
-2610.000000
-8556.000000
-13929.000000
-17537.000000
-19030.000000
-19039.000000
-16000.000000
-12360.000000
-10049.000000
-9012.000000
-7193.000000
-3845.000000
676.000000
5039.000000
6682.000000
6459.000000
4407.000000
3901.000000
4139.000000
4441.000000
4678.000000
4124.000000
4210.000000
7195.000000
12179.000000
17103.000000
20183.000000
19287.000000
17843.000000
17233.000000
15566.000000
13580.000000
8608.000000
2816.000000
-3110.000000
-9620.000000
-15357.000000
-17372.000000
-16069.000000
-12600.000000
-7678.000000
-1889.000000
2696.000000
7441.000000
9950.000000
10847.000000
11609.000000
12751.000000
14523.000000
16324.000000
18344.000000
19244.000000
19846.000000
20054.000000
19950.000000
17775.000000
15220.000000
10021.000000
2836.000000
-4804.000000
-10628.000000
-14923.000000
-17891.000000
-18702.000000
-19421.000000
-18259.000000
-17402.000000
-17553.000000
-17469.000000
-15436.000000
-10364.000000
-4385.000000
-143.000000
2170.000000
3272.000000
5517.000000
7581.000000
8424.000000
7889.000000
7076.000000
7108.000000
9479.000000
11875.000000
14482.000000
16897.000000
18869.000000
20261.000000
20731.000000
19796.000000
16985.000000
11432.000000
2681.000000
-7317.000000
-14578.000000
-18522.000000
-18880.000000
-17968.000000
-13014.000000
-4058.000000
7197.000000
15456.000000
16952.000000
11665.000000
3288.000000
-6937.000000
-15900.000000
-17023.000000
-6635.000000
7386.000000
16263.000000
18069.000000
16659.000000
12495.000000
6970.000000
874.000000
-4888.000000
-9014.000000
-11768.000000
-15921.000000
-18818.000000
-19680.000000
-18023.000000
-16176.000000
-16355.000000
-16168.000000
-15367.000000
-13826.000000
-12071.000000
-10255.000000
-7528.000000
-4823.000000
-2783.000000
-513.000000
2228.000000
6794.000000
12577.000000
17026.000000
19796.000000
19901.000000
17534.000000
14454.000000
10083.000000
5068.000000
1000.000000
-1204.000000
-2938.000000
-3899.000000
-3665.000000
-1982.000000
-423.000000
400.000000
758.000000
107.000000
-1547.000000
-3186.000000
-4405.000000
-5005.000000
-5211.000000
-4694.000000
-3869.000000
-2247.000000
624.000000
3845.000000
4906.000000
2467.000000
-1699.000000
-6959.000000
-10291.000000
-11402.000000
-12802.000000
-15532.000000
-18863.000000
-20479.000000
-18077.000000
-12227.000000
-5800.000000
1198.000000
8942.000000
15301.000000
17766.000000
18569.000000
19598.000000
18409.000000
14516.000000
6534.000000
-2588.000000
-12125.000000
-18852.000000
-18752.000000
-16027.000000
-12800.000000
-10281.000000
-5436.000000
1335.000000
7321.000000
11090.000000
13628.000000
16692.000000
19791.000000
20601.000000
19052.000000
17406.000000
16366.000000
13308.000000
7697.000000
744.000000
-5931.000000
-9403.000000
-11271.000000
-11272.000000
-11245.000000
-10576.000000
-8095.000000
-5805.000000
-4394.000000
-4828.000000
-3644.000000
-1798.000000
-53.000000
576.000000
-700.000000
-3191.000000
-6166.000000
-9880.000000
-13330.000000
-15990.000000
-18054.000000
-19889.000000
-20084.000000
-18215.000000
-12514.000000
-2914.000000
8983.000000
16510.000000
14569.000000
1790.000000
-13101.000000
-17513.000000
-11851.000000
-2328.000000
6754.000000
14350.000000
17317.000000
11737.000000
3894.000000
-100.000000
-2015.000000
-3656.000000
-4596.000000
-4595.000000
-3986.000000
-2150.000000
-761.000000
-202.000000
-2596.000000
-7160.000000
-10385.000000
-11606.000000
-9972.000000
-6455.000000
-1401.000000
815.000000
-2249.000000
-10001.000000
-16953.000000
-19906.000000
-17888.000000
-12466.000000
-3485.000000
6443.000000
15070.000000
18847.000000
17864.000000
14209.000000
7038.000000
-1418.000000
-9987.000000
-16473.000000
-19059.000000
-19135.000000
-19063.000000
-18994.000000
-19563.000000
-19767.000000
-19295.000000
-18102.000000
-17361.000000
-12767.000000
-3751.000000
6771.000000
14988.000000
18025.000000
19032.000000
18028.000000
16443.000000
8784.000000
-2650.000000
-13100.000000
-18458.000000
-13877.000000
-940.000000
12668.000000
17091.000000
11684.000000
2254.000000
-7148.000000
-14355.000000
-17611.000000
-17126.000000
-14409.000000
-9980.000000
-5740.000000
-3206.000000
-1909.000000
-1295.000000
-73.000000
95.000000
357.000000
766.000000
1138.000000
2708.000000
6422.000000
11082.000000
14061.000000
14033.000000
12877.000000
12051.000000
13649.000000
15975.000000
17767.000000
19668.000000
20109.000000
18026.000000
11673.000000
1164.000000
-8721.000000
-14542.000000
-17296.000000
-18442.000000
-18912.000000
-16684.000000
-11543.000000
-5745.000000
-1400.000000
-376.000000
-4126.000000
-9038.000000
-12825.000000
-15375.000000
-16867.000000
-17164.000000
-18084.000000
-18777.000000
-19376.000000
-18597.000000
-17809.000000
-17257.000000
-16226.000000
-15373.000000
-14232.000000
-16048.000000
-17925.000000
-15478.000000
-6069.000000
5496.000000
14676.000000
16983.000000
9456.000000
-4396.000000
-14510.000000
-15702.000000
-7940.000000
4338.000000
14275.000000
15171.000000
4693.000000
-7880.000000
-15051.000000
-16589.000000
-16471.000000
-16805.000000
-17816.000000
-16688.000000
-12846.000000
-8881.000000
-5138.000000
-205.000000
6446.000000
10858.000000
10670.000000
7068.000000
151.000000
-7175.000000
-10407.000000
-10305.000000
-10544.000000
-10544.000000
-12325.000000
-14255.000000
-16463.000000
-16941.000000
-16441.000000
-15644.000000
-14941.000000
-12915.000000
-10213.000000
-8503.000000
-7604.000000
-6804.000000
-5547.000000
-2921.000000
-511.000000
1429.000000
674.000000
-2129.000000
-6203.000000
-11471.000000
-16435.000000
-18687.000000
-14774.000000
-3656.000000
9167.000000
17244.000000
16852.000000
11843.000000
2891.000000
-7501.000000
-16115.000000
-16293.000000
-7833.000000
4884.000000
14981.000000
13787.000000
1133.000000
-13021.000000
-16824.000000
-13936.000000
-8609.000000
-1005.000000
8725.000000
16246.000000
17786.000000
14965.000000
10273.000000
3157.000000
-5569.000000
-13966.000000
-18579.000000
-19655.000000
-19597.000000
-18330.000000
-11999.000000
409.000000
13007.000000
18504.000000
17225.000000
12500.000000
5304.000000
-2759.000000
-10105.000000
-16334.000000
-18602.000000
-16427.000000
-10303.000000
-138.000000
10469.000000
17473.000000
19218.000000
17204.000000
11166.000000
5629.000000
1470.000000
-631.000000
-1767.000000
-942.000000
964.000000
1736.000000
-230.000000
-3762.000000
-7245.000000
-7738.000000
-7647.000000
-8241.000000
-10411.000000
-14842.000000
-18923.000000
-20113.000000
-19444.000000
-18251.000000
-13951.000000
-7262.000000
-366.000000
5474.000000
9543.000000
13650.000000
17276.000000
18789.000000
16804.000000
10603.000000
1022.000000
-9125.000000
-15926.000000
-19423.000000
-20419.000000
-18543.000000
-14352.000000
-8884.000000
-3150.000000
1100.000000
5381.000000
10957.000000
15667.000000
18547.000000
18451.000000
15796.000000
8452.000000
-2158.000000
-11884.000000
-17233.000000
-16158.000000
-9905.000000
2093.000000
13680.000000
19049.000000
17518.000000
10546.000000
1706.000000
-7732.000000
-14673.000000
-17059.000000
-17927.000000
-15516.000000
-10402.000000
-4504.000000
401.000000
2762.000000
2218.000000
-791.000000
-5680.000000
-10909.000000
-14218.000000
-13823.000000
-9749.000000
-3445.000000
3382.000000
10747.000000
15112.000000
15568.000000
13566.000000
9701.000000
6472.000000
2214.000000
-2183.000000
-5815.000000
-8437.000000
-11282.000000
-14192.000000
-15738.000000
-16158.000000
-15414.000000
-14316.000000
-11872.000000
-8205.000000
-4622.000000
-1229.000000
5233.000000
13722.000000
18212.000000
16408.000000
8932.000000
-423.000000
-10457.000000
-16032.000000
-17907.000000
-16432.000000
-12052.000000
-4905.000000
2620.000000
11494.000000
18035.000000
18513.000000
14544.000000
6932.000000
1392.000000
-1115.000000
283.000000
2156.000000
2150.000000
2086.000000
4625.000000
10049.000000
14179.000000
15939.000000
13279.000000
7786.000000
-42.000000
-8193.000000
-13383.000000
-16670.000000
-16517.000000
-12504.000000
-5764.000000
2511.000000
10545.000000
14786.000000
16023.000000
14338.000000
9467.000000
3809.000000
-161.000000
-739.000000
-2034.000000
-4540.000000
-6478.000000
-5251.000000
379.000000
9131.000000
17581.000000
19775.000000
14057.000000
4538.000000
-6080.000000
-13932.000000
-16821.000000
-11247.000000
3886.000000
13439.000000
6704.000000
-7604.000000
-14797.000000
-6796.000000
8471.000000
16400.000000
8544.000000
-5659.000000
-15459.000000
-16178.000000
-7308.000000
6156.000000
16179.000000
18566.000000
18514.000000
18481.000000
19318.000000
20241.000000
18226.000000
12152.000000
3536.000000
-2914.000000
-6317.000000
-7517.000000
-8415.000000
-11433.000000
-15353.000000
-18977.000000
-19470.000000
-17821.000000
-16800.000000
-14925.000000
-10746.000000
-4629.000000
2516.000000
9662.000000
14431.000000
17070.000000
17763.000000
17739.000000
16158.000000
14288.000000
13268.000000
13757.000000
15231.000000
16969.000000
17829.000000
17979.000000
17787.000000
16422.000000
13681.000000
8463.000000
1070.000000
-4644.000000
-6564.000000
-5631.000000
-565.000000
4545.000000
7556.000000
8744.000000
9037.000000
9806.000000
14135.000000
17197.000000
18344.000000
19966.000000
17969.000000
11312.000000
685.000000
-10483.000000
-17117.000000
-19232.000000
-19004.000000
-18574.000000
-17395.000000
-15707.000000
-14351.000000
-14827.000000
-14979.000000
-14878.000000
-14706.000000
-15720.000000
-16684.000000
-15844.000000
-14791.000000
-13492.000000
-10990.000000
-6770.000000
652.000000
9116.000000
15948.000000
19471.000000
18345.000000
14072.000000
7395.000000
857.000000
-2925.000000
-3008.000000
-1061.000000
-2378.000000
-8050.000000
-15139.000000
-19604.000000
-19540.000000
-17958.000000
-16861.000000
-16484.000000
-15198.000000
-14169.000000
-12306.000000
-10499.000000
-10212.000000
-12483.000000
-16117.000000
-19738.000000
-20641.000000
-18368.000000
-13633.000000
-6473.000000
2473.000000
12199.000000
13395.000000
1510.000000
-13152.000000
-17730.000000
-15172.000000
-8774.000000
-1460.000000
6830.000000
13769.000000
17680.000000
19620.000000
18088.000000
15777.000000
12533.000000
7579.000000
3982.000000
1833.000000
-643.000000
-3621.000000
-5638.000000
-5545.000000
-6590.000000
-8683.000000
-10545.000000
-12097.000000
-14509.000000
-17131.000000
-18851.000000
-19500.000000
-18092.000000
-10807.000000
-1978.000000
3833.000000
6568.000000
8015.000000
8840.000000
10768.000000
12922.000000
14478.000000
14651.000000
11997.000000
5867.000000
-3446.000000
-10389.000000
-14453.000000
-16203.000000
-14768.000000
-10710.000000
-6218.000000
-5502.000000
-6851.000000
-8449.000000
-7440.000000
-1700.000000
6042.000000
12475.000000
15261.000000
14135.000000
11657.000000
8580.000000
5064.000000
991.000000
-4271.000000
-9568.000000
-13798.000000
-16944.000000
-17978.000000
-18825.000000
-19394.000000
-18543.000000
-16402.000000
-14464.000000
-11937.000000
-10978.000000
-10811.000000
-10995.000000
-11106.000000
-10128.000000
-8426.000000
-5575.000000
-2800.000000
2077.000000
7648.000000
13281.000000
18593.000000
20210.000000
20085.000000
18952.000000
16630.000000
13979.000000
12082.000000
11871.000000
13657.000000
13315.000000
9825.000000
2434.000000
-4623.000000
-8168.000000
-7817.000000
-4071.000000
-723.000000
936.000000
3098.000000
4312.000000
3963.000000
4777.000000
4287.000000
3431.000000
-60.000000
-5448.000000
-9179.000000
-10842.000000
-11569.000000
-13836.000000
-17504.000000
-16912.000000
-5601.000000
9739.000000
17076.000000
17237.000000
12347.000000
4278.000000
-5458.000000
-14217.000000
-19623.000000
-19478.000000
-15702.000000
-5149.000000
8665.000000
16564.000000
16607.000000
15009.000000
16050.000000
16828.000000
17872.000000
17440.000000
16329.000000
15930.000000
15870.000000
16568.000000
14896.000000
8064.000000
608.000000
-4487.000000
-7748.000000
-11269.000000
-14509.000000
-15732.000000
-16528.000000
-16231.000000
-14740.000000
-14031.000000
-15086.000000
-16872.000000
-18025.000000
-18444.000000
-15009.000000
-6234.000000
3764.000000
12334.000000
16670.000000
18243.000000
16764.000000
11989.000000
2120.000000
-9491.000000
-17720.000000
-18578.000000
-14958.000000
-10955.000000
-7208.000000
-4439.000000
-84.000000
3549.000000
5903.000000
7884.000000
9842.000000
11358.000000
13346.000000
14861.000000
15282.000000
14433.000000
13955.000000
12342.000000
10948.000000
11215.000000
10493.000000
9884.000000
8234.000000
4858.000000
1069.000000
-755.000000
-618.000000
321.000000
1843.000000
4911.000000
8966.000000
13277.000000
16811.000000
20000.000000
20834.000000
20100.000000
18645.000000
17585.000000
17423.000000
13848.000000
6912.000000
-2710.000000
-10990.000000
-16075.000000
-18683.000000
-19039.000000
-16808.000000
-11425.000000
-2628.000000
7276.000000
15047.000000
19065.000000
19084.000000
17041.000000
12477.000000
9095.000000
7789.000000
6274.000000
4091.000000
-518.000000
-7482.000000
-14667.000000
-18977.000000
-18831.000000
-16986.000000
-16953.000000
-17217.000000
-17655.000000
-18603.000000
-18628.000000
-17890.000000
-17877.000000
-17924.000000
-18417.000000
-19328.000000
-19512.000000
-18441.000000
-17014.000000
-16022.000000
-16413.000000
-17944.000000
-19302.000000
-19050.000000
-18222.000000
-18493.000000
-18540.000000
-17446.000000
-17134.000000
-16126.000000
-14839.000000
-14258.000000
-13539.000000
-13451.000000
-11541.000000
-9624.000000
-9021.000000
-7966.000000
-5051.000000
-316.000000
4939.000000
9888.000000
13107.000000
16266.000000
16723.000000
13819.000000
9986.000000
8038.000000
8357.000000
8280.000000
7466.000000
7132.000000
9268.000000
13183.000000
18065.000000
20367.000000
18448.000000
14077.000000
8557.000000
1567.000000
-5391.000000
-9878.000000
-11702.000000
-12138.000000
-11080.000000
-10288.000000
-10636.000000
-11932.000000
-12829.000000
-12985.000000
-10147.000000
-4309.000000
3486.000000
10490.000000
14343.000000
16629.000000
16540.000000
14534.000000
12598.000000
10917.000000
9960.000000
11007.000000
13801.000000
17231.000000
19130.000000
16302.000000
5524.000000
-7734.000000
-14205.000000
-8118.000000
5874.000000
16196.000000
13759.000000
-275.000000
-13448.000000
-15379.000000
-7546.000000
4701.000000
14369.000000
17273.000000
11929.000000
564.000000
-10049.000000
-16542.000000
-17466.000000
-18192.000000
-17415.000000
-16194.000000
-15631.000000
-13639.000000
-12262.000000
-13462.000000
-14896.000000
-16045.000000
-17547.000000
-18271.000000
-18613.000000
-18200.000000
-18004.000000
-17288.000000
-15594.000000
-14432.000000
-12933.000000
-8967.000000
-3842.000000
3578.000000
9255.000000
13135.000000
16023.000000
16781.000000
15648.000000
12816.000000
11460.000000
9454.000000
7340.000000
5116.000000
5376.000000
7859.000000
10769.000000
13169.000000
14024.000000
10994.000000
7485.000000
5604.000000
7383.000000
11136.000000
14913.000000
17137.000000
18232.000000
18926.000000
18705.000000
15561.000000
9182.000000
-2483.000000
-13719.000000
-16086.000000
-7435.000000
5923.000000
15585.000000
14460.000000
739.000000
-13111.000000
-10250.000000
5334.000000
13522.000000
2258.000000
-11601.000000
-5645.000000
9949.000000
12633.000000
-1402.000000
-14664.000000
-15910.000000
-5161.000000
7448.000000
15189.000000
18683.000000
18187.000000
15562.000000
10611.000000
4997.000000
-1138.000000
-5847.000000
-8900.000000
-11473.000000
-14921.000000
-13954.000000
-8700.000000
-1295.000000
6396.000000
12753.000000
16806.000000
17365.000000
15513.000000
13785.000000
13295.000000
11817.000000
10754.000000
10354.000000
9244.000000
7648.000000
6363.000000
7847.000000
10293.000000
13120.000000
14031.000000
11813.000000
7804.000000
3019.000000
-1640.000000
-4049.000000
-5036.000000
-5274.000000
-4201.000000
-2337.000000
452.000000
4786.000000
10606.000000
15883.000000
18842.000000
18359.000000
12959.000000
3693.000000
-7136.000000
-14840.000000
-17799.000000
-14240.000000
-9037.000000
-5809.000000
-4202.000000
-938.000000
6159.000000
13890.000000
18612.000000
19496.000000
16985.000000
11464.000000
2311.000000
-6743.000000
-13005.000000
-15215.000000
-13009.000000
-4537.000000
6270.000000
12971.000000
13258.000000
7566.000000
-999.000000
-10222.000000
-14386.000000
-13059.000000
-12485.000000
-14401.000000
-16213.000000
-16647.000000
-16059.000000
-14590.000000
-12856.000000
-11659.000000
-12867.000000
-15629.000000
-18154.000000
-16686.000000
-13439.000000
-8042.000000
-1388.000000
6694.000000
13884.000000
17228.000000
17644.000000
14766.000000
10991.000000
3609.000000
-6394.000000
-15060.000000
-18977.000000
-19677.000000
-19478.000000
-18933.000000
-19282.000000
-18314.000000
-14571.000000
-7320.000000
740.000000
7270.000000
10521.000000
12039.000000
13657.000000
15750.000000
17662.000000
19145.000000
19036.000000
17089.000000
16672.000000
15947.000000
15226.000000
13042.000000
7997.000000
2033.000000
-4801.000000
-11632.000000
-16260.000000
-17997.000000
-18262.000000
-18958.000000
-19991.000000
-19292.000000
-18350.000000
-17831.000000
-17717.000000
-17568.000000
-18270.000000
-18245.000000
-18694.000000
-19055.000000
-18958.000000
-18968.000000
-17188.000000
-9926.000000
286.000000
9448.000000
14725.000000
16096.000000
15541.000000
15817.000000
17485.000000
17717.000000
11556.000000
-147.000000
-11287.000000
-17670.000000
-17144.000000
-9476.000000
623.000000
8953.000000
12819.000000
14043.000000
16479.000000
19294.000000
19205.000000
16575.000000
15399.000000
16409.000000
16484.000000
15711.000000
14089.000000
12615.000000
10032.000000
7104.000000
5850.000000
7972.000000
13376.000000
18920.000000
20372.000000
18900.000000
17843.000000
17590.000000
15315.000000
5753.000000
-9263.000000
-11880.000000
2947.000000
15162.000000
8279.000000
-7830.000000
-11933.000000
1232.000000
14229.000000
14407.000000
2450.000000
-11868.000000
-17824.000000
-9883.000000
4641.000000
12640.000000
11023.000000
3247.000000
-5379.000000
-11675.000000
-14567.000000
-15910.000000
-16063.000000
-13556.000000
-7455.000000
-1889.000000
4235.000000
10376.000000
14269.000000
12375.000000
5830.000000
-1092.000000
-4619.000000
-2515.000000
1669.000000
6157.000000
10221.000000
15135.000000
18565.000000
19616.000000
17400.000000
12913.000000
7528.000000
543.000000
-7036.000000
-13291.000000
-18548.000000
-19461.000000
-18351.000000
-16858.000000
-17173.000000
-18181.000000
-18056.000000
-17274.000000
-16840.000000
-16568.000000
-15709.000000
-15401.000000
-12472.000000
-5937.000000
409.000000
2757.000000
40.000000
-2851.000000
-1823.000000
3434.000000
9456.000000
14640.000000
18051.000000
19338.000000
18656.000000
15277.000000
10864.000000
8440.000000
7871.000000
8303.000000
8972.000000
9909.000000
10590.000000
9398.000000
9970.000000
11317.000000
13696.000000
15896.000000
16757.000000
16155.000000
14783.000000
12373.000000
8479.000000
7171.000000
9995.000000
14984.000000
18286.000000
18244.000000
17366.000000
17120.000000
17027.000000
18109.000000
19874.000000
19570.000000
17434.000000
14492.000000
9435.000000
1149.000000
-9867.000000
-17168.000000
-20072.000000
-19589.000000
-19014.000000
-18584.000000
-15654.000000
-9115.000000
-1439.000000
5877.000000
11634.000000
16168.000000
18135.000000
18871.000000
17628.000000
15310.000000
12738.000000
8657.000000
2961.000000
-6043.000000
-14511.000000
-18669.000000
-17695.000000
-15222.000000
-12659.000000
-10293.000000
-7946.000000
-6624.000000
-5672.000000
-6545.000000
-5537.000000
-1165.000000
4905.000000
11598.000000
16018.000000
17057.000000
16178.000000
13704.000000
11422.000000
9976.000000
8528.000000
4353.000000
-2092.000000
-8596.000000
-12248.000000
-14385.000000
-15617.000000
-15341.000000
-9774.000000
-515.000000
7673.000000
12621.000000
14948.000000
16688.000000
16663.000000
16474.000000
17323.000000
17916.000000
18302.000000
17747.000000
17772.000000
16941.000000
10382.000000
-538.000000
-11328.000000
-16788.000000
-10971.000000
3231.000000
14070.000000
8561.000000
-7630.000000
-16877.000000
-10741.000000
6104.000000
15672.000000
11671.000000
1199.000000
-7006.000000
-11998.000000
-16499.000000
-18423.000000
-17149.000000
-12431.000000
-5826.000000
-1729.000000
-2101.000000
-5359.000000
-8896.000000
-11809.000000
-13026.000000
-14559.000000
-16598.000000
-17273.000000
-18005.000000
-18400.000000
-18495.000000
-17638.000000
-17085.000000
-17048.000000
-18062.000000
-18593.000000
-17331.000000
-14826.000000
-11088.000000
-7556.000000
-4455.000000
-1088.000000
2655.000000
4271.000000
3751.000000
1854.000000
-206.000000
-1654.000000
-734.000000
2170.000000
5395.000000
9293.000000
12608.000000
13233.000000
12727.000000
12898.000000
14489.000000
15534.000000
15717.000000
15092.000000
15092.000000
17111.000000
19221.000000
20036.000000
18375.000000
15227.000000
11397.000000
5034.000000
-3944.000000
-13561.000000
-17500.000000
-12898.000000
-3671.000000
7261.000000
15315.000000
18023.000000
15590.000000
8851.000000
-1801.000000
-12751.000000
-17543.000000
-14331.000000
-4021.000000
7824.000000
15608.000000
15860.000000
8512.000000
-1455.000000
-10965.000000
-16963.000000
-18938.000000
-17313.000000
-13856.000000
-9896.000000
-5884.000000
-3333.000000
930.000000
6207.000000
10103.000000
13703.000000
17253.000000
18910.000000
18714.000000
16937.000000
14426.000000
11431.000000
8577.000000
6059.000000
3720.000000
2760.000000
977.000000
-2023.000000
-5567.000000
-8437.000000
-11501.000000
-13552.000000
-14346.000000
-16099.000000
-17159.000000
-16183.000000
-14058.000000
-10647.000000
-8098.000000
-5630.000000
-659.000000
4408.000000
8726.000000
10786.000000
9965.000000
7866.000000
6091.000000
7252.000000
8497.000000
7011.000000
-1309.000000
-13700.000000
-16770.000000
-6141.000000
9273.000000
17678.000000
14916.000000
3683.000000
-9525.000000
-16838.000000
-16984.000000
-10521.000000
-229.000000
9893.000000
14586.000000
10990.000000
2521.000000
-2491.000000
460.000000
7634.000000
12309.000000
14184.000000
14272.000000
13159.000000
8275.000000
1611.000000
-2987.000000
-4404.000000
-6335.000000
-10140.000000
-14100.000000
-14476.000000
-13865.000000
-16431.000000
-18530.000000
-15709.000000
-9996.000000
-3503.000000
4372.000000
12907.000000
18400.000000
19692.000000
18167.000000
17324.000000
17338.000000
17051.000000
16693.000000
12429.000000
7024.000000
2789.000000
4475.000000
10036.000000
13883.000000
16294.000000
15376.000000
11028.000000
3684.000000
-4135.000000
-9340.000000
-11526.000000
-10837.000000
-9662.000000
-10084.000000
-11266.000000
-12220.000000
-9996.000000
-5383.000000
180.000000
5205.000000
8918.000000
13118.000000
17842.000000
18856.000000
17844.000000
16447.000000
16742.000000
17243.000000
15964.000000
14889.000000
14108.000000
12329.000000
10679.000000
8497.000000
6235.000000
3963.000000
2556.000000
-67.000000
-5405.000000
-11638.000000
-14872.000000
-15193.000000
-16138.000000
-17285.000000
-17078.000000
-16272.000000
-14876.000000
-10586.000000
-3869.000000
4464.000000
10757.000000
13011.000000
12965.000000
13710.000000
16478.000000
19602.000000
19432.000000
17134.000000
16492.000000
17324.000000
17800.000000
17996.000000
18133.000000
19047.000000
17864.000000
16853.000000
15692.000000
17026.000000
18191.000000
18057.000000
18629.000000
18384.000000
17817.000000
17967.000000
17846.000000
18084.000000
17838.000000
18062.000000
18368.000000
17134.000000
14024.000000
10827.000000
6643.000000
5011.000000
6710.000000
9530.000000
11657.000000
13540.000000
14914.000000
15596.000000
15478.000000
15392.000000
13884.000000
7561.000000
-1571.000000
-7684.000000
-11825.000000
-15224.000000
-16552.000000
-17044.000000
-15776.000000
-15194.000000
-15233.000000
-13680.000000
-9747.000000
-4860.000000
-753.000000
-1103.000000
-6018.000000
-13386.000000
-18144.000000
-17202.000000
-9232.000000
2786.000000
12982.000000
14432.000000
2075.000000
-10824.000000
-2542.000000
11484.000000
6649.000000
-9196.000000
-10598.000000
4905.000000
11803.000000
1666.000000
-12113.000000
-15393.000000
-5566.000000
10016.000000
12377.000000
86.000000
-10998.000000
-13567.000000
-9164.000000
-3473.000000
591.000000
4073.000000
8508.000000
12841.000000
13948.000000
11352.000000
6846.000000
1633.000000
-3372.000000
-9391.000000
-13804.000000
-16683.000000
-18483.000000
-15229.000000
-3476.000000
10787.000000
16028.000000
10432.000000
-336.000000
-11785.000000
-17695.000000
-13440.000000
-2605.000000
8327.000000
15577.000000
17501.000000
12526.000000
2817.000000
-5055.000000
-7891.000000
-5414.000000
1383.000000
7860.000000
12958.000000
14628.000000
9367.000000
136.000000
-9678.000000
-14692.000000
-15448.000000
-13196.000000
-8295.000000
-854.000000
5585.000000
9720.000000
11694.000000
12070.000000
7956.000000
1620.000000
-4487.000000
-9910.000000
-13016.000000
-15397.000000
-17222.000000
-18009.000000
-16877.000000
-14238.000000
-12689.000000
-12235.000000
-14612.000000
-16865.000000
-16971.000000
-12631.000000
-3636.000000
6175.000000
12356.000000
14010.000000
11108.000000
3230.000000
-6553.000000
-13265.000000
-16186.000000
-15267.000000
-12737.000000
-7795.000000
-1437.000000
5212.000000
10486.000000
12322.000000
10696.000000
5702.000000
-465.000000
-5343.000000
-5817.000000
-5141.000000
-5484.000000
-7457.000000
-9621.000000
-9515.000000
-7233.000000
-6781.000000
-9673.000000
-15047.000000
-19173.000000
-19946.000000
-19002.000000
-14599.000000
-5584.000000
4465.000000
11020.000000
14004.000000
14895.000000
15187.000000
10642.000000
6.000000
-10427.000000
-12564.000000
-8122.000000
-921.000000
7210.000000
13253.000000
15878.000000
16757.000000
18050.000000
16752.000000
14929.000000
14504.000000
16266.000000
16705.000000
14946.000000
7742.000000
-5228.000000
-15516.000000
-16361.000000
-6213.000000
8856.000000
15586.000000
8492.000000
-4969.000000
-14865.000000
-16615.000000
-10663.000000
-1106.000000
9501.000000
16938.000000
18315.000000
17796.000000
17334.000000
17887.000000
18403.000000
18807.000000
19271.000000
18439.000000
17927.000000
16476.000000
13510.000000
7331.000000
-2137.000000
-10348.000000
-14643.000000
-15093.000000
-9903.000000
407.000000
10095.000000
8785.000000
-3462.000000
-12714.000000
-13575.000000
-8549.000000
-683.000000
7869.000000
12969.000000
13270.000000
11817.000000
8610.000000
1452.000000
-7399.000000
-13381.000000
-15339.000000
-17377.000000
-15840.000000
-4410.000000
10166.000000
17852.000000
18801.000000
14562.000000
5293.000000
-8148.000000
-10396.000000
5208.000000
13308.000000
2276.000000
-12717.000000
-9485.000000
6725.000000
15908.000000
12821.000000
4699.000000
-3341.000000
-11450.000000
-15683.000000
-8533.000000
5599.000000
15321.000000
16855.000000
16777.000000
15997.000000
15388.000000
16197.000000
17450.000000
16922.000000
14253.000000
10567.000000
5981.000000
1565.000000
-3674.000000
-8280.000000
-12333.000000
-13697.000000
-11488.000000
-7335.000000
-2360.000000
3279.000000
8896.000000
14034.000000
14293.000000
8066.000000
-2302.000000
-11723.000000
-16633.000000
-18664.000000
-18662.000000
-18640.000000
-17378.000000
-16864.000000
-17996.000000
-19088.000000
-17570.000000
-13645.000000
-8653.000000
-2145.000000
6383.000000
14699.000000
18647.000000
17610.000000
16438.000000
16985.000000
17749.000000
18248.000000
18693.000000
18597.000000
18426.000000
18925.000000
17002.000000
10152.000000
-734.000000
-11037.000000
-13778.000000
-9072.000000
2298.000000
12236.000000
13801.000000
7491.000000
138.000000
-5739.000000
-10913.000000
-15246.000000
-17597.000000
-17883.000000
-18279.000000
-17417.000000
-14290.000000
-11336.000000
-8576.000000
-6766.000000
-6747.000000
-6468.000000
-936.000000
8044.000000
11851.000000
6586.000000
-3394.000000
-11504.000000
-15307.000000
-12269.000000
-4074.000000
4985.000000
11466.000000
15315.000000
16300.000000
12995.000000
5816.000000
-3813.000000
-9114.000000
-9378.000000
-5683.000000
3181.000000
13503.000000
18616.000000
15791.000000
4576.000000
-10754.000000
-16392.000000
-10723.000000
-1368.000000
7899.000000
14394.000000
15561.000000
7309.000000
-5777.000000
-12628.000000
-11601.000000
-6211.000000
219.000000
5139.000000
5987.000000
6488.000000
8516.000000
11654.000000
13964.000000
13645.000000
11838.000000
10871.000000
11658.000000
13899.000000
15555.000000
16075.000000
16747.000000
14312.000000
7122.000000
-814.000000
-8669.000000
-15614.000000
-19419.000000
-17672.000000
-13342.000000
-8453.000000
-4342.000000
-2214.000000
-275.000000
2758.000000
5266.000000
4872.000000
2423.000000
-2426.000000
-7867.000000
-13184.000000
-16655.000000
-17257.000000
-17359.000000
-16174.000000
-15595.000000
-16657.000000
-18290.000000
-19261.000000
-19440.000000
-18845.000000
-18137.000000
-18296.000000
-18470.000000
-18195.000000
-17178.000000
-16928.000000
-15644.000000
-14268.000000
-10467.000000
-5507.000000
-1569.000000
-621.000000
-1322.000000
-2422.000000
-3624.000000
-4395.000000
-7562.000000
-10032.000000
-11583.000000
-12815.000000
-14338.000000
-15664.000000
-16580.000000
-17850.000000
-17580.000000
-17690.000000
-17309.000000
-16947.000000
-17314.000000
-17535.000000
-18102.000000
-17932.000000
-17233.000000
-17158.000000
-15997.000000
-13972.000000
-10926.000000
-6089.000000
130.000000
5001.000000
8399.000000
9168.000000
8333.000000
9423.000000
10680.000000
12586.000000
14712.000000
16894.000000
16755.000000
17410.000000
17801.000000
17981.000000
16915.000000
15688.000000
14332.000000
12135.000000
9574.000000
8000.000000
6999.000000
3997.000000
343.000000
-5811.000000
-11306.000000
-14721.000000
-15101.000000
-10834.000000
-3366.000000
5029.000000
11515.000000
14179.000000
10055.000000
1567.000000
-6844.000000
-11991.000000
-15460.000000
-16482.000000
-16683.000000
-16370.000000
-16600.000000
-16597.000000
-16399.000000
-17509.000000
-17891.000000
-17869.000000
-17496.000000
-17180.000000
-15465.000000
-11841.000000
-7789.000000
-5397.000000
-4159.000000
-3657.000000
-383.000000
4919.000000
10770.000000
13828.000000
8961.000000
-1776.000000
-10471.000000
-14485.000000
-12472.000000
-4579.000000
5296.000000
12843.000000
15479.000000
15862.000000
15072.000000
12715.000000
11543.000000
12533.000000
15775.000000
18236.000000
17922.000000
15018.000000
10270.000000
2480.000000
-6209.000000
-12958.000000
-16727.000000
-18194.000000
-17163.000000
-17171.000000
-17701.000000
-18957.000000
-19322.000000
-17759.000000
-16833.000000
-15826.000000
-11857.000000
-2606.000000
6626.000000
12017.000000
13332.000000
9469.000000
2112.000000
-5105.000000
-9430.000000
-10712.000000
-12045.000000
-14908.000000
-15955.000000
-16117.000000
-16506.000000
-15255.000000
-7419.000000
4591.000000
13722.000000
16865.000000
14185.000000
6183.000000
-3745.000000
-11806.000000
-16365.000000
-18694.000000
-18037.000000
-12565.000000
-2677.000000
9110.000000
17379.000000
19331.000000
17771.000000
12981.000000
6932.000000
896.000000
-4237.000000
-9223.000000
-12715.000000
-13412.000000
-10159.000000
-3693.000000
3552.000000
9301.000000
14078.000000
16463.000000
16611.000000
16440.000000
16181.000000
15408.000000
14620.000000
14288.000000
14730.000000
15891.000000
17809.000000
18610.000000
16714.000000
13618.000000
8616.000000
4437.000000
1018.000000
-1813.000000
-5430.000000
-9749.000000
-13372.000000
-15472.000000
-11882.000000
-3356.000000
6594.000000
14398.000000
13847.000000
5337.000000
-4916.000000
-12680.000000
-16352.000000
-17559.000000
-16874.000000
-16483.000000
-16272.000000
-17187.000000
-18837.000000
-18808.000000
-17307.000000
-13322.000000
-7035.000000
2211.000000
12079.000000
17514.000000
17316.000000
15620.000000
15396.000000
15545.000000
15499.000000
14276.000000
11233.000000
9214.000000
9429.000000
11700.000000
14943.000000
16082.000000
12255.000000
5250.000000
-3716.000000
-12518.000000
-13024.000000
-7140.000000
1927.000000
9685.000000
13947.000000
15653.000000
13340.000000
6101.000000
-612.000000
-4525.000000
-6363.000000
-7197.000000
-8627.000000
-10285.000000
-11779.000000
-12432.000000
-12883.000000
-14079.000000
-14710.000000
-14702.000000
-13055.000000
-9620.000000
-5461.000000
-990.000000
3748.000000
10575.000000
16165.000000
18869.000000
16011.000000
9828.000000
2587.000000
-5827.000000
-13560.000000
-17502.000000
-18888.000000
-17094.000000
-13975.000000
-8785.000000
-1260.000000
6563.000000
14155.000000
18175.000000
18352.000000
17338.000000
17092.000000
17740.000000
17689.000000
18471.000000
18028.000000
17412.000000
18143.000000
16213.000000
12645.000000
8452.000000
4002.000000
176.000000
-5180.000000
-8528.000000
-10941.000000
-12444.000000
-14344.000000
-15896.000000
-15684.000000
-13270.000000
-9579.000000
-3626.000000
3848.000000
10821.000000
13372.000000
10666.000000
3189.000000
-5135.000000
-11375.000000
-14890.000000
-15097.000000
-11559.000000
-6995.000000
-769.000000
5676.000000
11251.000000
14804.000000
17077.000000
16474.000000
15511.000000
15906.000000
17293.000000
17945.000000
16124.000000
11655.000000
5456.000000
-3255.000000
-12360.000000
-16443.000000
-13038.000000
-3256.000000
8460.000000
16221.000000
16293.000000
7834.000000
-2862.000000
-11785.000000
-15840.000000
-17657.000000
-18952.000000
-15565.000000
-5806.000000
6628.000000
15381.000000
17588.000000
13497.000000
5113.000000
-5635.000000
-14621.000000
-19369.000000
-17905.000000
-13442.000000
-6750.000000
2795.000000
11993.000000
18097.000000
18413.000000
16007.000000
9984.000000
1775.000000
-5002.000000
-8309.000000
-8473.000000
-6569.000000
-4531.000000
-1716.000000
763.000000
3844.000000
9240.000000
14398.000000
15165.000000
11890.000000
6864.000000
551.000000
-4494.000000
-7492.000000
-9936.000000
-12497.000000
-13458.000000
-12280.000000
-10250.000000
-9597.000000
-9256.000000
-10726.000000
-10427.000000
-9422.000000
-8915.000000
-10165.000000
-11643.000000
-12384.000000
-10641.000000
-7885.000000
-6598.000000
-7123.000000
-11602.000000
-14618.000000
-12225.000000
-4996.000000
4855.000000
12275.000000
13495.000000
5593.000000
-5557.000000
-12328.000000
-11297.000000
-2194.000000
7883.000000
13628.000000
10671.000000
1955.000000
-4690.000000
-5924.000000
-3958.000000
-2661.000000
-4996.000000
-9202.000000
-12412.000000
-12884.000000
-10329.000000
-5691.000000
-1061.000000
4080.000000
10779.000000
16839.000000
15591.000000
6348.000000
-4419.000000
-12747.000000
-17926.000000
-19346.000000
-16583.000000
-10355.000000
-2110.000000
7620.000000
14600.000000
18203.000000
19265.000000
18926.000000
19215.000000
17177.000000
11895.000000
2156.000000
-8003.000000
-15273.000000
-18392.000000
-17682.000000
-12359.000000
-2553.000000
8765.000000
16259.000000
17176.000000
10462.000000
-982.000000
-11769.000000
-17332.000000
-17454.000000
-9327.000000
3010.000000
13211.000000
18319.000000
18397.000000
14498.000000
9236.000000
5631.000000
4785.000000
5905.000000
8112.000000
10578.000000
13412.000000
15296.000000
14216.000000
11002.000000
5809.000000
-629.000000
-6356.000000
-11103.000000
-14560.000000
-16240.000000
-15399.000000
-15505.000000
-16458.000000
-16476.000000
-16345.000000
-16478.000000
-18718.000000
-18089.000000
-11923.000000
-1732.000000
6881.000000
11091.000000
13015.000000
14720.000000
16914.000000
13087.000000
1042.000000
-11955.000000
-17758.000000
-18427.000000
-16383.000000
-11363.000000
-6330.000000
-3424.000000
-3067.000000
-2794.000000
-7.000000
7004.000000
15827.000000
18033.000000
14051.000000
10242.000000
10745.000000
13131.000000
14419.000000
12551.000000
7051.000000
2363.000000
960.000000
3083.000000
6734.000000
9089.000000
10987.000000
13221.000000
15509.000000
16650.000000
17063.000000
16973.000000
17974.000000
17632.000000
18065.000000
17201.000000
14945.000000
11379.000000
8168.000000
7043.000000
9874.000000
15334.000000
18824.000000
18913.000000
15325.000000
8262.000000
-2953.000000
-13342.000000
-17999.000000
-17280.000000
-14480.000000
-9527.000000
-284.000000
10624.000000
17768.000000
19620.000000
18431.000000
16305.000000
14260.000000
12726.000000
10931.000000
10322.000000
11828.000000
13237.000000
13737.000000
12381.000000
9398.000000
6382.000000
4328.000000
2841.000000
1049.000000
-208.000000
1915.000000
7503.000000
14413.000000
18760.000000
17966.000000
11998.000000
4087.000000
-4682.000000
-14760.000000
-17499.000000
-12307.000000
-3962.000000
3509.000000
10893.000000
16808.000000
19441.000000
19377.000000
17958.000000
15404.000000
10721.000000
5093.000000
503.000000
-2403.000000
-5434.000000
-9266.000000
-12786.000000
-14479.000000
-14628.000000
-13811.000000
-11045.000000
-5975.000000
342.000000
6255.000000
8705.000000
7888.000000
3912.000000
-1444.000000
-6687.000000
-10491.000000
-15851.000000
-20056.000000
-18491.000000
-9938.000000
1718.000000
13028.000000
18319.000000
15637.000000
4460.000000
-7887.000000
-16088.000000
-19258.000000
-18528.000000
-15567.000000
-10094.000000
-2206.000000
6405.000000
13728.000000
18405.000000
19649.000000
