0.000000
0.029809
-0.105607
-0.197566
0.992904
0.410240
-0.104933
-0.188987
-0.318413
-0.413894
-0.512125
-0.103530
-0.074637
-0.806101
-0.055784
0.760159
0.596939
-0.241750
-0.137307
-0.179602
0.092381
0.689458
0.348799
-0.099932
0.182821
0.047932
-0.754877
-0.603199
-0.366680
0.029369
-0.345862
-0.807056
-0.394362
-0.134629
-0.238244
0.527895
0.157969
-0.639176
-0.151851
0.524717
0.419996
-0.177925
-0.027435
-0.325109
-0.740114
-0.194745
-0.474778
-0.457729
-0.393812
-0.134417
-0.456867
-0.277761
0.287143
-0.008011
-0.884241
-0.019267
0.229601
-0.225726
-0.357488
0.091844
-0.402199
-0.233277
-0.118136
-0.692855
-0.623012
0.454957
-0.514725
-0.732414
0.211934
-1.178022
-0.669743
-0.101287
-0.090303
-0.259098
-0.284318
-0.703255
-0.643742
0.194849
-0.873541
-0.635252
-0.140268
-0.418027
-0.820391
0.205374
-0.436276
-0.564133
0.299202
-0.933733
-1.012964
-0.339886
-0.403262
-0.774529
-0.324341
0.109140
-0.430624
-0.738158
-0.334892
-0.304230
-0.318461
-0.640498
-0.764223
-0.092135
-0.036882
-0.252437
-0.639900
-0.395560
0.153248
-1.010112
-1.160495
-0.338213
0.004815
-0.695406
-0.553949
-0.489581
-0.037402
-0.754030
-0.058202
0.208106
0.073230
-0.627689
-0.409972
-0.208183
-0.106172
0.012651
-0.818872
-0.555481
0.199477
0.400178
-0.438514
-0.282970
0.192927
-0.247695
-0.146537
-0.351964
-0.390523
-0.063455
0.586458
0.214021
-0.810871
-0.048731
-0.216385
-0.265762
-0.045189
-0.435443
-0.440940
-0.148352
-0.463451
-0.196558
0.587322
-0.100288
-0.356320
-0.368787
-0.364126
-0.218324
-0.251357
-0.450807
-0.070894
-0.143094
-0.327171
-0.276666
0.244411
-0.078300
0.026795
-0.110613
0.034088
0.132780
-0.121256
0.035211
0.179793
0.414584
-0.048569
0.238336
-0.116060
-0.345279
0.114541
0.128844
-0.141210
0.340264
-0.079648
-0.749341
-0.040143
0.169670
-0.104139
0.002029
0.359199
0.000135
-0.291143
0.034445
0.020920
-0.063442
-0.130339
0.047164
-0.292633
-0.297917
-0.015890
-0.159198
-0.562215
-0.214342
-0.118714
-0.343960
0.101528
-0.322742
-0.421665
0.152488
-0.094321
0.146539
0.105813
-0.011754
-0.170041
-0.512911
-0.103253
0.164635
-0.022742
0.045107
-0.184780
-0.437533
-0.412978
-0.143441
-0.120059
-0.538147
-0.463027
-0.049411
-0.167711
-0.005803
-0.141442
-0.446151
-0.097279
-0.375667
-0.095110
0.023833
-0.252498
-0.522217
-0.795454
-0.279497
-0.142639
-0.335597
0.090999
0.012995
-0.062833
-0.454212
-0.450902
-0.263712
-0.110082
0.093826
-0.287729
-0.607246
-0.041246
0.081550
-0.492944
-0.226526
-0.518538
-0.610789
-0.394653
-0.020177
-0.137116
-0.169417
0.200419
0.438231
-0.781792
-0.265557
-0.244455
0.161037
0.057174
-0.523323
-0.741909
-0.427220
-0.198982
-0.424959
-0.415802
-0.220633
-0.262707
-0.474781
-0.213426
-0.632823
-0.477468
0.320764
0.380631
0.073452
-0.614280
-0.453060
0.005102
0.393680
0.374209
-0.530219
-0.819032
-0.680616
-0.314453
-0.216214
-0.140637
0.362425
-0.071747
-0.352840
-0.000291
-0.435193
-0.435669
0.041125
-1.022473
-0.335985
0.000187
-0.582503
0.201562
-0.067009
-0.193911
-0.217598
-0.149056
-0.110181
0.184491
-0.207505
-0.395534
-0.542589
0.506662
-0.193091
-0.406946
-0.226061
-0.003617
0.208957
-0.205944
-0.287887
-0.358946
-0.122339
-0.004949
-0.032522
0.133730
0.354166
-0.398121
0.051584
0.266214
-0.504921
-0.756042
-0.265032
0.139388
0.458881
0.139574
-0.211789
-0.810491
-0.958094
-0.469521
0.484690
0.079319
-0.042138
-0.153505
-0.594372
0.119580
0.571841
-0.006025
-0.348219
-0.285883
-0.242119
-0.099641
-0.145923
0.062118
-0.286954
-0.204928
0.249580
-0.048407
-1.111541
0.043801
0.370884
-0.219264
-0.482856
-0.056098
-0.320406
0.072804
0.213074
0.169236
-0.332371
-0.285186
-0.425967
-0.323065
0.405914
0.166331
-0.500948
-0.863713
-0.487885
0.203787
-0.273337
0.076236
-0.080169
-0.353344
-0.515480
-0.552503
-0.259915
-0.138739
-0.141805
0.139463
-0.889238
-0.724556
0.662302
-0.125007
0.016514
0.398060
0.100782
-0.348617
0.115790
-0.282668
-0.176964
0.077227
-0.002907
0.096837
0.661711
0.234980
-0.708387
-1.072238
0.233059
0.306455
-0.605444
-0.412228
0.573392
-0.353583
0.016045
0.569255
0.088101
0.003924
0.652418
0.480366
0.082146
-0.733823
0.094647
0.609186
0.505242
0.385886
-1.126940
-0.397736
-0.025259
0.546120
0.533951
-0.391873
0.051074
0.637263
0.229972
0.779104
0.408517
-0.563813
-0.801332
0.214081
-0.327568
-0.112881
0.179701
0.070217
-0.049356
0.209799
-0.037587
0.020304
0.172503
0.370898
0.628419
-0.033219
0.030457
0.772221
-0.377573
0.001562
0.544948
0.287993
-0.512804
0.415517
0.405469
-0.102506
0.277186
0.512011
-0.306061
-0.115533
0.664435
0.229094
-0.015280
-0.464969
-0.374095
-0.068065
0.159297
0.501940
0.388907
-0.346357
-0.572967
-0.514756
-0.555928
0.158762
0.166227
-0.070203
0.665246
0.777352
0.269783
-0.637885
-0.254260
-0.435959
-0.606306
0.061821
0.324083
-0.390578
-0.642295
-0.418021
-0.252925
0.113069
-0.423246
-0.352955
0.044639
0.069059
-0.613694
0.407197
0.340071
-0.370148
-0.535705
-0.260199
-0.028656
-0.396966
-0.514533
-0.503084
-0.545060
0.132631
0.201877
-0.603626
-0.360699
-0.747508
-0.693091
0.642092
-0.418763
-0.795772
-0.106787
-0.024823
-0.273345
0.202926
-0.509479
-0.873384
-0.884908
-0.165503
-0.119683
-0.361356
-0.733234
-0.902571
-0.359494
0.329143
-0.354187
-0.843862
-0.820615
0.095903
-0.851004
-0.737236
-0.405477
-0.769872
-0.829945
-0.061369
-0.064732
-0.717453
-0.437541
-0.192149
-0.735246
-0.690538
-0.104877
-0.927478
0.156833
0.168735
-0.633631
-0.782497
-0.107091
-0.358686
-0.521586
-0.224599
-0.422137
-0.915422
-0.416961
0.158322
0.014526
-0.119111
-0.123391
-0.274868
-0.741812
-0.508311
-0.069741
-0.573844
-0.620163
-0.292916
-0.466564
-0.346673
-0.317329
-0.201728
-0.636315
-0.669550
0.082554
-0.289323
-0.749011
0.461474
-0.114651
-0.262441
-0.000076
0.089406
-0.593787
-0.401993
-0.539916
-0.591651
-0.211618
0.322926
-0.193473
-0.462188
-0.737521
-0.451617
-0.534511
-0.045929
0.522600
0.411026
-0.016046
0.005040
-0.683781
-0.703581
0.192493
0.145604
-0.091802
-0.053408
-0.383522
-0.873207
0.273189
0.645502
0.285269
-0.166605
0.067312
-0.247130
-0.081419
-0.069431
-0.464484
0.322750
0.167198
0.033832
0.555220
-0.448217
-1.016480
-0.625871
0.313661
0.652068
-0.248091
-0.522653
-0.494515
-0.254389
0.204678
0.027387
0.405572
0.533098
-0.046729
-0.014666
-0.033192
-0.139809
-0.529193
-0.282064
0.672896
0.196729
0.095028
-0.014408
-0.249188
-0.144966
-0.017679
0.013142
0.577247
-0.383758
-0.593404
-0.162780
-0.349165
0.345993
0.237159
-0.283982
-0.135904
0.412945
-0.241533
-0.008249
0.487881
0.016543
-0.138191
0.426018
-0.024556
0.079286
0.182083
-0.158946
-0.383269
-0.449429
-0.116459
0.645350
0.425960
-0.375337
-0.574485
0.183240
0.464197
-0.585604
0.456577
0.673617
0.574699
0.546603
0.220048
-0.092805
-0.322627
-0.520663
0.289763
-0.159671
-0.116785
0.374478
-0.285803
-0.404014
-0.223288
-0.431633
-0.592736
0.560308
-0.261994
-0.212404
0.193948
0.698721
-0.420246
-0.039485
0.281088
-0.295877
-0.103339
0.891028
0.618384
0.081596
-0.302543
-0.547012
-0.787593
-0.331150
-0.143049
0.007236
0.110966
-0.005427
0.257765
0.050397
-0.578418
-0.033489
-0.137432
-0.097439
-0.036127
0.098540
0.271881
0.436765
-0.118999
-0.474070
-0.585757
-0.801393
-0.622719
0.037292
0.345894
-0.531007
0.043904
-0.030358
-1.012657
-0.407311
0.508251
0.088426
0.031858
-0.326623
-0.490829
-0.452050
-0.325230
-0.513616
-0.355452
0.034269
-0.242753
-0.308297
0.170461
-0.075710
-0.866885
-0.815720
-0.249509
0.592262
-0.634574
-0.915226
-0.842099
-0.351573
-0.040972
-0.285402
-0.117234
0.253782
-0.578112
-0.512015
-0.342210
-0.247891
-0.647669
-0.585758
0.457907
0.057706
-0.174368
-0.100530
-0.458029
-0.355135
-0.467147
-0.903375
-0.687946
-0.198590
-0.322589
-0.416088
-0.200852
0.112390
-0.918727
-0.817372
-0.443533
-0.088041
-0.419113
-0.577079
-0.318418
0.045275
-0.092700
0.023588
-0.732338
-0.798571
-0.811839
-0.452279
0.465788
0.103222
-0.475863
-0.208731
0.182951
0.034318
-0.476596
-1.068497
-0.587304
-0.031227
0.045444
0.113840
0.038092
-0.183029
-0.267609
-0.310479
0.102814
0.068246
-0.715395
-0.668739
0.033565
0.246649
0.064935
0.428949
-0.207361
-0.688095
-0.477578
0.006362
0.006478
-0.238624
-0.304631
-0.383251
-0.406172
0.009083
-0.218447
-0.897950
-0.157713
-0.051805
0.309397
0.502584
0.166594
-0.038465
-0.326737
0.229145
0.693979
-0.378634
-0.302909
-0.258647
-0.410774
0.241046
0.228389
-0.454490
-0.264799
-0.386173
-0.879031
-0.049489
0.171496
-0.265721
-0.316190
0.498803
0.434219
0.247927
0.113009
-0.155303
0.238318
0.161522
-0.053191
-0.335437
-0.371774
-0.246153
-0.233647
-0.159106
0.103899
-0.198503
-0.625818
-0.264817
0.236242
0.229359
-0.104464
0.618088
-0.122724
-0.320010
0.545715
-0.348610
-0.106321
-0.023785
-0.003022
-0.140385
-0.375280
0.001136
0.422316
0.470704
-0.279263
-0.432153
-0.345939
-0.505587
-0.519624
0.584122
0.366667
0.002430
0.590028
0.567127
-0.704374
-0.864764
-0.761242
-0.091050
0.071253
0.772185
0.720642
-0.510245
-0.147262
0.120340
0.007791
0.053390
-0.124269
-0.252552
0.528098
0.444007
0.467228
-0.003352
-0.311207
-0.249591
-0.619766
-0.722360
0.152056
-0.148712
-0.566124
-0.417636
0.318060
0.122421
0.211479
-0.431147
-0.552299
-0.291758
-0.059089
0.553401
0.452142
0.044102
-0.116315
0.326419
0.221526
-0.221894
-0.530953
-0.173642
-0.030704
0.174545
0.095393
-0.706646
-0.023701
-0.190037
-0.528366
0.150135
0.379273
-0.254773
-0.477472
-0.044955
0.320912
-0.516482
-0.868658
-0.810562
-0.478446
-0.204060
0.333935
0.549212
0.294881
-0.709588
-0.226569
-0.391605
-0.202682
-0.093028
-0.469723
-0.059141
0.047690
-0.281294
0.010265
0.022063
-0.329855
-0.639132
-0.603085
0.094880
0.022947
-0.604973
-0.838931
-0.525022
0.047538
-0.416569
-0.354275
-0.148459
-0.197884
0.269224
0.731285
0.125920
-0.678984
-0.932379
-0.513738
0.104821
0.162371
-0.323992
-0.471223
0.485471
0.112499
-0.345983
-0.670695
-0.733807
-0.849891
-0.513106
0.365993
0.393032
-0.662896
-0.430921
-0.362710
-0.108221
-0.016784
-0.352954
-0.364437
-0.667255
-0.606769
0.511635
-0.137217
-0.353946
-0.216209
-0.200506
-0.226266
-0.591108
-0.953388
-0.588133
-0.232234
0.042582
0.258939
0.018031
-0.525221
-0.821024
-0.660513
-0.726447
-0.815180
0.219973
0.421988
0.490932
0.357702
-0.117261
-0.547556
-0.420003
-0.341216
-0.092332
-0.452495
0.234876
-0.160910
-0.528366
-0.490113
0.017580
-0.541680
-0.733086
-0.356722
-0.277408
-1.036693
-0.479288
-0.011864
0.242544
0.304066
0.295542
-0.110594
-0.532681
-0.464784
-0.533228
-0.155379
0.391747
0.437751
0.394818
-0.246008
-0.585380
-0.653655
-0.611709
-0.385843
0.092123
-0.173265
-0.103173
0.377786
-0.792929
-0.689108
-0.228181
0.015443
0.386383
0.049706
-0.027522
-0.432428
-0.709069
-0.142553
-0.549582
-0.528860
-0.219043
-0.008949
0.441723
-0.498434
-0.568613
-0.579070
-0.150245
0.209273
-0.447194
-0.520082
0.178218
-0.261584
0.121523
0.294874
-0.151900
-0.537889
-0.419064
-0.566943
-0.580946
-0.350795
0.253192
0.152373
0.280508
0.706410
-0.125779
-0.815407
-0.599617
-0.071042
0.077183
0.489548
0.511790
-0.429545
-0.371658
-0.190183
-0.121976
-0.796182
-0.810551
-0.544635
0.107853
0.096154
-0.720618
-0.888793
-0.398619
0.562041
-0.295355
-0.049152
-0.147565
-0.634985
-0.211593
0.181647
0.086967
0.170496
-0.317281
0.100210
0.195688
0.115777
-0.106255
-0.771449
-0.497559
-0.562842
-0.474324
-0.381190
-0.216732
-0.013402
-0.123686
-0.106064
0.529578
-0.372317
-0.254103
-0.415951
-0.805991
-0.610407
0.124104
0.368534
0.320196
-0.175257
-0.261469
-0.103359
0.170433
-0.059704
-0.506086
-0.702964
-0.686942
-0.101160
-0.161609
-0.028009
-0.173774
-0.331219
-0.388082
0.385773
-0.556200
-0.521581
-0.536800
-0.417354
0.150726
-0.102392
0.023401
0.031816
-0.428496
-0.414805
-0.579284
-0.653041
-0.521039
-0.403857
-0.056921
0.340192
0.419792
0.305561
-0.064056
-0.591708
-0.799463
-0.695755
-0.188521
-0.269390
0.000005
-0.126314
-0.096441
0.464397
-0.533923
-0.972369
-0.999729
-0.867730
-0.431452
0.201745
0.415399
0.370884
-0.353360
0.097824
0.203558
0.019060
-0.136816
-0.527358
-0.398780
-0.475379
-0.233645
-0.028493
-0.317680
-0.650096
-0.338671
-0.170953
-0.452866
-0.800220
-0.874924
-0.655666
0.055315
0.508380
0.106541
0.346996
0.160840
-0.269720
-0.591557
-0.210727
0.097141
0.233607
0.039085
0.643437
-0.073238
-0.588030
-0.864561
-0.305543
-0.431956
-0.809695
-0.551646
0.225777
